-2.780681244937474261e+00 -4.348797191903466253e-01 3.300229704160825062e+00 -4.277680901391214263e-01 -9.162831273337559423e-01
-5.889504943774249712e-01 1.965293995626585133e+00 -2.998561988560803360e-01 -1.226020944252344674e-01 -1.225804476352667205e+00
-5.910662270434072774e-01 2.057769960209588689e+00 -2.434081346359134201e+00 8.616611019990885190e-01 5.950822851391288776e-02
1.037223360199138744e+00 8.121417184876255080e-01 -2.519153175259463140e+00 3.015013912006112573e+00 -2.759493458270869226e+00
-1.730992151006211399e+00 3.104886740401671119e-01 -1.283704102695730320e+00 8.332765716123451405e-01 4.806514286949550296e-01
7.400862809328581648e-02 1.756621503422072239e-01 -5.346121133345854703e-01 8.526200032620911973e-01 -6.002887487558159485e-01
-5.199907322165709944e-01 -2.091935401296723729e+00 5.531744751602411109e-02 4.373175451285917781e-01 2.749789398826008591e-01
-7.262148491115607563e-01 -5.934580936903157689e-01 -3.162976904975869363e-01 8.354864966088887401e-01 6.497259889603369531e-01
6.661625750943391822e-01 -3.023897779272201047e-01 -2.124468276302771130e+00 1.188067576728599972e+00 6.654664941452669291e-01
-1.718962789320235718e+00 1.126703824934560227e+00 1.631523767483795018e+00 -1.737185586193099818e+00 -7.033746233445117291e-01
-8.634112862277589784e-01 5.138211408225628052e-01 -1.088461229668251429e+00 1.023178415449481626e+00 1.467262455941402699e-01
-5.815493492689839394e-01 -5.731824506216947057e-01 -3.868761905117145128e-01 1.160343081324917591e+00 -3.452997704874120055e-01
1.402022796230570023e+00 1.689664018372035170e-01 -2.266673325696374253e+00 1.292473652832722752e+00 3.091065146854576895e-01
2.191973806089343668e+00 7.519145603764977592e-02 1.007711097224309071e+00 -6.863470610818184214e-01 -1.394119332981163195e+00
4.759038479506327857e-01 2.258309804261437126e+00 -1.032884281416918126e+00 2.873519530645479714e-02 -8.254362138986999220e-01
-2.287008766767004264e+00 7.094137401020165212e-01 1.500001886378690141e+00 1.232463675686740867e+00 -1.003895435299032801e+00
-1.128019123868370388e-01 4.414849130420339662e-02 4.588322176267264352e-01 8.663350740171602560e-01 -9.645829039919773251e-01
8.334547809916026395e-01 9.428938270247302356e-01 -1.131362294561816473e+00 -8.375516643688862839e-01 -1.040458886278862627e+00
8.038664830438310149e-01 1.626161408079082271e+00 -2.638747625622931636e+00 -1.234129310897877918e+00 4.840946396561661702e-01
2.133536221090656326e+00 -1.773436552848366876e+00 -8.796270690253069624e-01 1.703444118447725586e+00 -4.838319073431364692e-01
-2.808926009760236653e+00 -6.532275292245202092e-01 -8.287748149212936788e-01 1.730555058050190054e+00 3.574648554638164555e-01
2.094074687190990991e-01 1.059787192658388388e+00 -1.652607641490769330e+00 2.128474221357001372e+00 -9.264029543476879347e-01
-1.471144010721374018e+00 1.302390297189855550e+00 -1.163041992009454573e+00 -3.049744454558025453e-01 -1.590037548144294655e-01
1.614832367622065501e+00 -7.541802908826445995e-01 -9.038292483615154582e-01 -6.723236072019880272e-01 -3.210366581424404786e-01
-1.164629738046748519e+00 1.505267656839375467e+00 3.125764189916316327e-01 -9.889716002551406093e-02 -1.378142125368135185e+00
-2.047214601200511463e+00 9.149406214278277272e-01 2.179997118259776823e+00 -1.224941431986706020e+00 1.291576269262763033e+00
1.363258386401215771e+00 2.427931131588419167e-02 5.813770921520023949e-01 3.481632020493814483e-01 -1.291135340023870093e+00
-1.224272447177129131e+00 1.906703978830800006e+00 6.737906866411249585e-01 6.484080936158777009e-01 -4.017563253104625698e-01
6.766556448901487331e-01 -1.311653376591689124e+00 1.753954886142452763e+00 -1.626309772169380885e+00 -3.565952498404504345e-01
6.620383580089302944e-01 -1.480297632321073253e+00 -7.805723894728474610e-01 1.273415382926733175e+00 7.220440639820112638e-01
1.340513505183238419e+00 -5.082457844610035469e-01 -1.888396232740964797e-01 -7.378730621151980973e-01 -1.772958317233710890e+00
-7.825273926289523230e-01 1.973920602345789477e-01 3.651778817820365841e-01 2.553307056766915828e-01 -2.417501793893213069e-01
8.009463060277641766e-01 -1.671390908635058903e+00 4.968963007205972060e-01 5.231851182728051164e-01 5.998235454968241509e-01
-9.845937964503844730e-01 -2.768407385337067428e+00 -6.271972417779857478e-01 2.913731479628908438e+00 1.053526859604836829e+00
-7.005999607835489140e-01 -2.166362922143620473e+00 2.493282313270639428e-01 2.006690619848856549e+00 -1.407084486446053440e+00
