-1.687803424936190178e+00 7.933246741029856830e-01 9.112133021931905219e-01 4.477249710241049119e-01 -1.351241462579253705e+00
-2.783828857184925010e+00 -4.878217177691746564e-01 1.797259134936986635e+00 8.311220614215234503e-01 9.649740369943059226e-02
-5.000453612289327276e-01 -4.544403523664612976e-01 -1.169195908576115661e+00 1.403257412464186560e+00 2.192691283209240449e-01
1.760869685428047893e+00 6.607322685697742948e-01 -3.973690802517156340e-01 3.384061235182232036e-03 -4.535915712858083482e-01
-1.624193352180070687e-02 3.152409621071761148e-01 9.938407802752555753e-01 -1.423205252323960890e+00 5.524770250196565646e-01
-7.814063240049252679e-01 -1.294132229465218442e+00 1.697596861211265296e+00 1.453109015791717473e+00 -9.766614367380890283e-01
3.349059219063616477e-01 -4.552594724624912936e-02 7.326317290976552821e-01 -2.464102791487975397e-01 -1.138017521148962707e+00
-1.333125317313523572e+00 8.166792713538365556e-01 8.740104469720690883e-01 -6.490073487782895834e-01 -6.372626473154591187e-01
1.728456413786783746e-02 4.308916160084321212e-01 1.642952830990695112e+00 -1.675525791817346510e+00 -2.664857368596599274e-01
7.572282320038993542e-02 -4.899631385384941584e-01 -1.229394571348570331e+00 1.417480377216335574e+00 1.999902841470286852e-01
-4.892481913224069334e-01 -4.830824008568932459e-01 -5.814793753999498299e-02 1.007961417699035245e+00 -6.441719681464849190e-01
6.937724147387882567e-01 -4.835406273457085735e-01 2.180118815318822234e-01 5.585693095066999181e-01 -1.388499378032800990e+00
-9.838901313210037802e-01 -6.944153441302777230e-01 1.998839187259778827e+00 2.632595208657564356e+00 -1.369230709468809204e+00
2.187152154751660915e-01 1.311614574255351995e+00 -6.599604626371434746e-01 3.823404268733954781e-01 -1.084273511684554103e+00
5.019810234068926291e-02 2.100187813623925481e-01 1.199763179811895286e+00 -4.645230153715433907e-01 -1.026773127684380338e+00
1.726448828104358402e+00 8.937231720059206630e-01 8.658406743126498828e-01 -1.107026816557509230e+00 -2.757311344775025042e+00
-8.491269470353701720e-01 3.519406247362603657e-01 4.499709375065344963e-01 2.084812120578314332e-01 -3.934724585702148447e-01
-1.781447820312634489e+00 5.330925330602780399e-01 4.698706125780740539e-01 1.068400944773842065e+00 -1.307344880504533347e+00
-9.185143764535312894e-01 -5.787110799848264042e-01 4.950747747940052040e-03 8.378073197573030484e-01 2.459102158467197929e-01
-1.971396819670752976e+00 -1.796853168706352699e-01 2.640074962501974376e+00 1.812989057311618524e+00 -6.574508435687413943e-01
-2.184401684511077413e+00 1.987666640400147067e+00 -1.666766695914017049e+00 2.030120715026077605e+00 -9.507781731300057881e-01
-1.450087592575622475e+00 -2.540353559793081528e-01 6.882511596660265130e-02 1.314375130169301853e+00 -1.234265600152262943e+00
3.955799343735066920e-01 1.438685789935890247e+00 -2.493461103496266595e+00 1.741488312747923706e+00 -1.480755015950191211e+00
-1.873569910558345875e-01 -1.148081993595132522e+00 3.680418457212308175e-02 9.712800464908288856e-01 -3.772400619745212014e-01
-3.549261951086043476e-01 1.181806002957336510e+00 4.103469269001580599e-01 -1.401854888272640709e+00 2.344556810364285815e-02
2.876898813758069773e-01 1.126430830915832848e+00 7.430884760787265231e-01 2.383119132961760922e+00 -3.740405366173457313e+00
-1.306869762683038338e+00 -2.134680392267603311e-01 3.202384991883178600e+00 -1.126813825484583587e-01 -1.266353803754587393e+00
-5.088281920580276507e-01 -8.705418024822492162e-01 -2.102494834213881891e-02 1.026697657538620856e+00 5.556262693047529094e-02
-9.264905172812532008e-01 -1.498284034644904894e+00 2.029613253270207363e+00 2.031766589788976396e-01 -2.471871814472677564e-01
6.302207867379907569e-01 -4.295407554270131989e-01 9.409788837184367427e-01 -1.349459360705835831e+00 -1.081211905252259964e+00
8.485216149351358927e-01 -2.539819579623426860e-01 2.838135299290336366e+00 -1.648425883357198307e+00 -3.078103811251692523e+00
-1.507275049189233496e+00 1.856008364789323295e-01 1.076472606382975483e+00 -1.254561309162820715e+00 8.476194462478159330e-01
1.362566603060255455e+00 1.628933034281079051e+00 7.911937239336271077e-02 -2.003749840433715956e+00 -8.279680127871562600e-01
5.211196044957348006e-01 3.440355949741088493e-01 7.384417899594483137e-01 1.165823894408066774e+00 -1.751156654922915168e+00
-2.729160310299004966e+00 5.731935895940584169e-01 2.714654608488939580e+00 -6.514148312700900334e-01 2.364989300925570553e-03
