-5.268295449209768888e-01 -4.574558546992891772e-01 -1.390032542802412507e+00 -9.052427100546983629e-02 2.324344891599562590e+00
-4.637111681561639220e-01 -5.115719352592801306e-01 7.369265182684898718e-01 2.220090060240304530e-01 -6.780000356177189325e-01
-3.114242853087494378e-01 8.063797539298825923e-01 -1.838464972364346472e+00 2.132714104934524180e+00 -4.256982874023398367e-01
-6.308735593717855750e-01 -1.785153268547138072e+00 1.490881455363525232e+00 -3.074742170362244620e-01 5.485940400137929718e-01
1.268448775645641957e+00 -2.614138749644026483e+00 2.333162740564130644e+00 -5.727611461708763674e-01 -7.532554403834774981e-02
-1.055224328285240931e+00 1.498951859013733401e+00 1.022534112039299226e+00 -1.586061681146368363e+00 -8.528520316250953748e-01
1.293140767376134592e+00 7.329230745518691137e-01 -3.108829193287429682e+00 -2.446904103349928583e+00 1.030442446508306409e+00
-1.322006934294255753e+00 5.850754144361167697e-01 -1.238250048370287543e-01 -7.296030876911981933e-01 8.702876560392742711e-01
1.981036247395425276e+00 -1.028571272319895646e+00 2.385812536072009049e+00 2.617309976052523690e-01 -4.539018586828988955e-01
-1.523292112031889300e-01 1.518626125730969667e-01 1.110526437786822473e+00 -1.640729979080479461e+00 -4.810413968211350033e-01
-8.529479912612236703e-01 -2.091409351748083179e+00 2.075710034023746875e+00 1.448856622851543374e+00 -1.215752422550245848e+00
-1.431109406537975692e+00 1.376212817484110174e+00 -2.506656243465770650e+00 2.274415917857559588e+00 1.093639258376256862e+00
-1.559120435128581006e+00 -2.806983427162131228e+00 5.906585419987938623e-01 5.163420694897169483e-01 2.072900224274407233e+00
-1.108513812816832589e+00 -9.689209010116144327e-01 6.777465721484618455e-02 -1.302166758164012395e+00 2.667235969953216657e+00
2.815303662575885935e-01 -1.489668890255470002e-01 -1.444813452939778031e+00 1.039308398770979469e+00 1.498332553689156743e+00
1.196408624499036982e-01 7.907006520697997809e-01 -1.078101530702741673e-01 7.218144250737067447e-01 -6.936031786827721035e-01
6.303753871596665670e-01 -1.182025886134987935e+00 1.019956924354600503e+00 2.944292092219746304e-01 -9.515830712850228412e-01
-8.369282014518995005e-01 9.883655455999034167e-01 -2.681537377936432098e-01 -7.326456496624436099e-01 -3.143740058046817776e-02
1.735971413375747563e-01 1.331663428170648089e+00 -7.502395217165060970e-01 2.316685317814291128e-03 -7.657586249440869741e-01
1.518341410343449827e+00 -8.802960372624766272e-01 1.206591802755053289e+00 -5.077077165132520831e-01 8.143977016444761130e-01
-3.187217140634733825e-01 9.994139737418781255e-01 -1.243183830930432165e+00 -2.252846968426541974e+00 1.296035470010194146e+00
5.648486380310410171e-01 -2.977581100576823792e-01 7.582083416194114467e-02 -6.782259420378042303e-02 -7.325383052030576270e-01
4.542897241086678584e-01 -1.166393233901035359e-01 8.580664055213496066e-01 -1.916149486092035614e+00 4.144899113557686671e-02
1.512933807489236782e-01 1.166083497109860617e-01 -1.941684044848790647e+00 -3.360821451271535087e-01 1.399779337391278133e+00
5.790313321943308944e-01 -3.500272781731328942e-01 4.955154311545738599e-01 -7.821498676419877949e-01 -3.787187057155237957e-01
-7.317224193451153935e-01 1.078317061856153947e+00 1.174113457380439735e-01 1.965887179003572016e-01 -1.034276422424112329e+00
1.268161576203071350e+00 -1.084929079799424434e+00 6.522825468949353667e-01 -5.253679294603588179e-01 -1.203970710440657843e+00
1.801907438044047516e-01 -2.179572166658512722e-01 5.992012771010233330e-01 5.162618295588766726e-01 3.359583020003961695e-01
-1.206947970414025795e+00 -2.608790893272173728e-01 7.843883804196754017e-01 -3.638446147949203624e-01 1.653230917688260915e+00
5.212957837845148823e-02 -1.499153654302381566e+00 -9.471535636202392805e-01 1.997178034283360715e+00 -9.789786846265281506e-01
-7.828477525851523788e-01 3.803746322246277511e-01 -4.080880135440566048e-01 -6.117748225931564088e-01 2.091702862802722329e+00
-9.465690126246275593e-01 9.259014171210663280e-01 6.948425521461291110e-01 9.263759864440667124e-01 3.043677001507619218e-02
-9.811382548175865415e-01 1.076353799907098674e+00 -5.117785819127559366e-01 1.070285890891694604e-02 -1.139523792401212265e+00
4.082314792796608999e-02 -1.220665220064125922e+00 -1.104211567480105405e+00 1.619947719998269697e+00 8.650295034654502668e-01
1.989088733920665875e-01 3.626036122462854561e-01 -8.617351649136311131e-01 -1.696256688317845596e+00 1.341498646477904177e+00
