7.600329516548022246e-01 2.603596066166758982e-01 -2.950366743263700631e+00 1.876485475542900794e+00 -1.357283982256444643e+00
9.642480266056079052e-02 -5.914275582512282942e-02 -1.423199120772943971e+00 3.485869690933470211e-01 9.324441887790614336e-01
-3.365498422119784228e-01 2.062907036574746500e-01 4.738679105674293290e-01 9.893985366397228809e-01 -3.682362871756469924e-01
-1.840886572113629160e+00 1.311140770311547410e+00 2.352967229070412447e+00 -9.732638983336237004e-01 -5.276604154853512529e-01
-1.258903517294823526e+00 7.912247318095215753e-01 7.736252017825219207e-01 3.165642135446684186e-02 -7.673686302604034726e-01
-6.434709330041904485e-01 -1.771487618727219715e+00 -5.080430195222267534e-03 1.522549189131058966e+00 5.284139274087245042e-01
-3.600052040500746342e-01 1.099643896046945679e+00 -1.813154135196572758e+00 1.790961864162576855e+00 -2.164119647987340134e+00
7.319968627149553431e-02 -1.310890773160745537e+00 4.626042159556413846e-01 1.389839609022741396e+00 -1.826110362200467518e+00
-1.010028739999593445e-01 4.554155221569954337e-01 1.326198056993215468e+00 1.368428812338845502e+00 -2.097776248996694459e+00
-5.431612320325217569e-01 1.792235384180860036e+00 -1.555425948665840608e+00 -2.823587359006764164e+00 6.649499883138286771e-01
-6.711795397915341077e-01 5.453585715683940682e-01 9.291789316644022412e-01 -1.530958679972097336e+00 3.878176664072885416e-01
-3.354524858221393235e-01 1.942251244859557247e+00 -3.038150343889318289e-02 -1.327215910010204558e+00 -1.835656214682004350e+00
-5.585688634867593816e-01 -9.065815379719843747e-01 -6.151119328881609061e-01 5.927677635183619120e-01 1.397720587667710346e+00
3.344499310364036360e-01 5.170589498030638831e-01 4.420220111890447168e-01 1.568987552220414861e+00 -1.880236635045292815e+00
4.878935713769529947e-01 -8.823443892403484146e-01 -1.410164849297518286e+00 -7.733078064436112176e-02 1.088318205383942638e+00
4.125448228797651273e-01 -1.669661440188799917e+00 -2.010905898063894970e-01 4.545816437526406517e-01 6.363109035446420370e-01
1.817627376653999205e+00 -1.587525839812600870e+00 1.832987476836381413e+00 1.490649019840921907e+00 -1.649596007738448611e+00
-1.973012365191450401e+00 2.863724018926203652e-01 -1.174502060214193816e-01 1.577162731322609091e+00 -1.341959100385616832e+00
-5.343720705877849086e-01 -1.734405062050422996e+00 1.383141751927781105e+00 1.590580860273158592e+00 -9.232334447438256264e-01
-1.275913354282279144e+00 6.176415555761874954e-01 -8.612247763800058298e-01 1.350963016564602492e+00 -6.062226806196278212e-02
-1.862115894491971901e-01 -5.831338763234011902e-01 8.146693340768730585e-02 -4.537340307087101010e-01 -3.918296316692553294e-01
7.804091945602746883e-01 4.208725757065769346e-01 3.063020136482822453e-01 -1.334138082472431153e+00 -3.639499514137866099e-01
3.535716287154612170e-01 6.788450924462525737e-01 -5.257370515991678372e-01 -1.203962226761065235e+00 5.594335956124302234e-01
-4.842857430395273166e-01 1.398642481998163323e+00 -4.177213429496069996e-01 -9.059149554059647835e-02 -1.351516822917219196e+00
-8.088975313923054689e-01 -6.951119872457526272e-01 -2.719304306447506425e-01 4.718242228145285155e-01 1.686507258349918104e+00
3.400607843646945017e-01 -1.195863115854532310e+00 1.159880376138396230e+00 -4.107274151863259948e-01 9.184555326062523450e-01
-1.416824412457127758e-01 2.884322328294717797e-01 -4.642704524261428434e-01 1.114696781657113833e+00 -1.084402876452499109e+00
7.698410774546655955e-02 8.055045903453128542e-01 -1.116867580054326847e+00 6.098236686056607292e-01 1.096719449163438442e+00
1.597737656997051947e-01 -5.002243995185465808e-01 -4.874760283893970758e-01 -8.821306262815636900e-02 4.306656640199226227e-01
-7.470736050380429871e-01 2.306593276682634142e-01 -7.978987355348278188e-01 1.197698376156497879e+00 1.213259000301247115e+00
-2.566408524845588790e+00 -8.050388500855153451e-01 6.152163339617534588e-01 2.153313006289242271e+00 -1.061665739289617161e+00
3.988761847042092135e-01 3.427859375228741179e-01 5.013816062299923937e-01 -4.468817880056017433e-01 -6.218539537479151891e-01
-1.940114698667245507e+00 7.996865897669671597e-01 1.104218987551106146e+00 -6.149591173277334510e-01 4.686034530829584765e-01
4.109468402750259680e-02 1.615361358158722282e+00 -4.138646291510203135e+00 6.688501331258950300e-01 1.289078592442788995e+00
4.485008650332015789e-01 -1.567986204982276366e+00 4.625776408382316074e-01 -2.221624737136056904e+00 2.013312438659437653e+00
