-1.558606955533654359e+00 -1.963087807967178744e-01 -6.180101446479092653e-01 1.474386030929409674e+00 -1.183224735740435962e+00
-5.284240147674381660e-01 -1.393987824727772606e+00 1.513966377499508464e+00 -2.273314404148951140e-01 1.366197917352717783e-01
-4.480476049090913460e-01 -2.088864810528205385e-01 1.609595701151406599e+00 -1.139422893063854136e+00 -1.535628999859315336e+00
4.937653685140603876e-01 1.274271387539126499e-01 1.575070786362687825e+00 1.002902720035768608e-01 -3.712385720169279590e+00
6.043213006025951461e-01 -3.246220672738401314e-01 1.710496060287657882e-01 4.048934219870630735e-01 -6.381804211029566964e-01
-8.869836929424963490e-01 7.102459114903755255e-01 7.589019817821766045e-01 -1.972921725032344753e+00 3.915714430329813450e-02
4.312203510224981162e-01 8.922132450996773656e-01 2.341440387380412380e-01 -6.334863188815268442e-01 -2.465683418098474800e+00
-1.363050800310250610e+00 1.330889286049750320e+00 -1.295204834414060424e-01 -2.125823750304255189e+00 8.573164356464030300e-01
5.066428180661877168e-01 -6.088446289514241189e-02 -9.534753736609560271e-01 6.168281794020504805e-01 6.667828386264113005e-01
-1.253788430735841786e+00 -3.965037945150783755e-02 2.022954677664156709e+00 -4.505821120188105433e-01 -2.272714010230780790e+00
8.224220563297621744e-01 -1.171038762775694408e+00 1.742329492917224387e+00 -1.214984782577273714e+00 8.128418162550467008e-01
-1.699975811614871379e-01 -1.336221314705072993e+00 -1.861804482665714855e-01 -1.162939014136645799e+00 6.285434202996061925e-01
-9.120840073141445181e-01 2.684461553152961422e-02 -1.717228577560142133e+00 2.267790609451374007e+00 2.233854049921107920e-01
-7.921798320505675506e-02 -1.843223138356085977e-01 -1.107027680665826797e+00 1.012670493226656143e+00 -1.342688438797897121e-01
2.131031351113202188e+00 -2.143902284683825155e-01 1.622196339181342539e+00 -7.532672582298236552e-01 -2.027203901039759781e+00
4.665955445497212972e-01 1.545817535080008520e+00 -6.592286162975274921e-01 1.102780068417882342e+00 -3.326315070110780425e+00
-9.061431230633236744e-01 1.034797139576897118e+00 -1.686722709151514676e+00 -7.242503405038881459e-01 1.422366447413708324e+00
-2.409245403859190671e-02 3.101673547104738526e-01 -1.474142796518218002e-01 -8.783435540742476899e-01 -5.459385699496551725e-01
-1.974831225065410423e-01 3.729955704434737562e-01 2.357994454194868306e-01 -2.213670328673746912e+00 7.384395901795256512e-01
-2.057672218265931274e-01 1.253530625086660910e+00 -5.343254492419891033e-01 3.717122118529131991e-01 -9.483854687659439842e-01
-7.484801425946937536e-01 -1.424925511893855967e+00 1.338868385193574539e+00 1.050376344521449790e+00 -1.231396829516701485e+00
1.676485206677585715e+00 -1.309449941350846025e+00 1.457663076658984203e+00 -1.867049484641873702e+00 1.306804270387841971e+00
4.744532943909506029e-02 3.990993145495762562e-01 7.878380758501798420e-01 -1.282597296825742195e+00 8.646551983518531159e-01
-1.462131185435505465e+00 3.770193028136172297e-01 1.701972764518813186e-01 1.146041989681172435e+00 2.519166483444598148e-01
-6.212932167109165293e-01 -1.282384557518447155e+00 2.933352711176249739e-01 1.253766427584473764e+00 -1.583983602948909164e+00
-5.645539904238482398e-01 3.394305017655346313e-01 -1.360662541456383767e+00 8.192663630622825099e-01 -8.105337470697258073e-01
9.233940693947935152e-01 -2.967303617003732796e+00 -7.954389262938302840e-01 2.012115922101112009e+00 -4.387800798364526189e-01
3.893471219506518533e-01 -8.828851800959480745e-01 1.447275223898098151e+00 -1.869359380966455486e+00 8.875722005422618244e-01
2.811114034303591747e-01 9.078929626274552245e-01 -2.700190562336020061e-01 -6.541842450783650342e-01 -2.074132778351576167e+00
2.134072702236942565e+00 2.322907786537602437e+00 -1.121002281182161608e+00 4.239183213003771405e-02 -2.766681508620749685e+00
-1.832028647992494319e+00 -2.292961394113163243e-01 -2.727266568975540428e-01 -2.784305726513667256e-01 1.534461413539373043e-01
-5.961221248671075834e-01 -6.632678464634688131e-01 3.412051247935586340e-01 -2.865105662886371363e-01 7.644013959288549487e-02
-2.062238098952311471e-01 1.568877544568245241e+00 5.226819669666216139e-01 -1.846197475769467133e-01 2.919363343542091815e-02
1.947498612598042467e+00 1.411288045627417387e-01 -6.464353106017964867e-01 -4.017100496843122315e+00 1.932852883864766946e+00
1.396014525625143721e+00 2.172348067040442976e-02 -1.595192350082003996e+00 -1.635546911451879248e+00 -1.394732520749264459e-01
