5.351643384847936114e-01 -8.075992140750513082e-01 -1.857249619508012595e+00 -8.062267470191931684e-01 1.955671045801107510e+00
1.284029697520498781e+00 -3.731481909912889861e-01 -2.086523368825624392e+00 2.171777360927516387e+00 -2.287372924650559192e-01
-5.757438278354821692e-01 -4.882136939281620513e-01 3.912042211076737219e-01 1.072956091253155941e+00 -8.408053400380083309e-01
-1.919029183057368582e-01 1.078544443412465526e-01 6.611989631602259720e-01 -7.666746231949337353e-01 2.280690417614278931e-01
-1.125123405927389575e+00 1.976383843833476428e+00 -2.820388554669885917e-01 3.938072434876321859e-02 5.647818946086072961e-02
7.317435077818913447e-01 -1.573131203908038067e+00 -8.608097504669347533e-01 1.650651180620888780e+00 1.279638661894147100e+00
-1.375374483543686743e+00 1.258325530664230474e-01 1.231986479918555144e+00 6.438006091276275711e-02 -4.905983862735702195e-01
5.319885215788971999e-01 -3.304050223492253746e+00 -6.203825311032261647e-01 -3.388793075868055671e-01 1.839821875743804958e+00
8.194430468947869750e-01 -1.860377522718206666e+00 -6.927350766734643450e-01 7.054451206882361713e-01 2.386523135356631187e+00
-1.086856324619845715e+00 -5.725356357015881636e-01 8.833125607257746870e-02 -1.206583560246424353e-01 8.700099275480071004e-01
9.853536642856919325e-01 1.586433257487392390e-01 -2.001871412976239384e+00 1.094867590946205504e-01 2.426705570122105193e-01
-9.394571348381206555e-01 1.048039425470329800e+00 5.652490438569343079e-01 -6.288192628189036293e-02 -8.050182445112799012e-01
1.299611173040529311e+00 1.471138216381282060e+00 5.818698173773855301e-03 -1.381900121338541787e+00 -1.441737124217753498e-02
-4.537359228298341873e-02 9.871359960993226768e-01 -9.964605494944516195e-01 -1.044348584301256322e+00 8.536621059264970501e-01
1.789477334698790001e+00 -1.008836455657644571e+00 -1.381695270727917313e-01 2.322099162902428460e-01 -3.061375592634861809e-01
3.539587156928853950e-01 -6.097363018244260635e-01 5.601833105334762530e-01 -1.562397244054316126e+00 1.033099128336021355e+00
-2.103323582246450218e+00 -1.311441598751744708e+00 -3.760289838099662330e+00 3.246905665841198996e+00 1.452345770543537196e+00
1.450092232606234210e+00 -6.379349270157028684e-01 5.040580377172674265e-01 -1.807900601258149553e+00 -6.552460390580797656e-01
1.345996467252163820e+00 -7.203615789369205435e-01 -6.663010324328617617e-01 1.085143598275166266e+00 -1.480677446405110675e+00
6.185641725485196973e-01 7.896597725446564964e-02 8.328429472698898328e-01 4.209143863485856896e-01 -1.849253337767964744e+00
1.088146710852305521e+00 -5.008678890859195043e-01 -1.419351599036160483e+00 1.338316304386813482e-01 -2.431481672541092043e-01
1.399215273165724804e+00 -8.529521838678478796e-01 -5.229622610771119673e-01 -1.499151559713639337e+00 1.705249460743736512e+00
-1.179364116688608632e+00 -6.638995126815391279e-01 -9.720141357818907757e-01 2.844007619299179002e+00 -1.290422544169955721e+00
-3.304715993264146778e-01 9.066949569396217656e-01 1.292267245240309004e+00 -2.946651521101763538e-01 -7.752254517357540786e-01
6.955958424761359282e-01 -2.164094154142114923e-01 -6.927733578729194930e-02 -1.317407065252683029e+00 -5.982992698026688982e-01
2.121102921197728919e-01 -5.846005475196722756e-01 -9.885597830585004520e-01 1.515501898131868197e+00 6.720435925142941302e-01
-1.816825191509470194e+00 -1.889982526786657901e+00 -5.319500020945929775e-01 6.655929098401357491e-01 1.746485703916415666e+00
-1.158335632446872987e+00 -1.118924309519170324e+00 2.362387834041229429e+00 -1.845790102539817124e-01 -6.728987380891052750e-01
2.316951347273733308e+00 1.779073229578254089e+00 -2.408180064117996011e+00 -3.675166058574499406e-01 8.912148346426018719e-01
1.969332092865672568e+00 1.014934777581822267e+00 5.081773060138598808e-02 -1.359332325880979520e+00 -2.585327951279097758e-01
4.202961097927188083e-01 8.170527655918873311e-01 -2.754135741154317141e-01 -2.851486017349208257e+00 8.788477315920077970e-01
2.012528906204820167e+00 1.136786439058557807e+00 3.791179346100812531e-01 -3.786828143520801326e+00 3.860928329913380086e-01
-3.199912771714195081e-01 1.889589462152108545e+00 -1.652345697168873473e+00 -7.804580812421484382e-01 6.737093467482597742e-01
-2.399134042650438170e-01 -1.790557527726804432e+00 2.905100356250807647e-01 -2.529560873050967773e-01 1.301267395073682387e+00
-9.588787399971592240e-01 -3.961593701797753164e-01 1.132757458884705803e+00 -8.094152006019270651e-01 -7.634780958576953269e-01
