-1.977409704818744673e+00 -9.641718414228230838e-01 1.349570920016519793e+00 -2.113847621009339317e+00 1.899657462987867751e+00
-1.103933491505106890e+00 -2.280604972837182998e-01 -9.200488160924911174e-01 -1.399153610878985043e+00 2.845675591649256209e+00
-5.617334756568953535e-01 -1.976858452292288959e+00 -6.734356240827785722e-01 1.238054793344556703e+00 1.163948274377298198e+00
4.803721763220388796e-01 1.358872065747392388e-01 -1.268560944271859281e+00 -2.237607800550885928e-01 -1.972235077875387765e-01
4.745492111051925477e-01 9.882928202135848883e-01 1.087916547007546954e-02 6.574408732402194921e-01 -1.152699807717154412e+00
-8.861069171730486804e-01 3.781904700179204992e-01 2.367954376531377081e-01 1.465946678401708558e+00 -1.491962973342762178e+00
-9.845638081776073580e-01 -5.433076103887634484e-02 6.645319321740191798e-01 -2.928436593233177399e-01 2.961651111713151097e-01
-1.762497964697204988e-01 -2.039443859994695796e+00 -1.054660970509387452e+00 1.033500973201873618e+00 7.339924538470932180e-01
-1.542109680622189893e+00 1.967631522681599687e+00 -7.528826717450968209e-01 -5.615704398810599240e-01 1.659276399501268706e+00
1.070203266487105509e+00 3.240181994182090436e-02 -1.852974386767224590e+00 8.845342882159088482e-01 -4.745981928773655711e-02
6.179100020285046568e-01 -8.399423347061433232e-01 -3.968770224830974608e-02 -1.505020515142391213e+00 1.122198082717883016e+00
-1.852665998170907047e-01 -8.789915138194336341e-01 4.713686773059627688e-01 1.250914282428871482e+00 -6.275856296485142760e-01
3.811546461169098565e-01 7.116789454788474689e-01 -1.018690559502042348e+00 -9.102068758342904964e-01 -7.512849963366514949e-02
6.533369985834638349e-01 -1.997015972647426585e+00 9.016498439714430990e-01 6.594887487877714172e-01 -1.091121735765199885e+00
-1.437421146383586423e+00 -2.389801565606006761e+00 1.027503857311317520e-01 -2.674300657672920023e-01 2.812046019550084708e+00
-4.485607318257620602e-01 -6.940576079843178148e-01 1.116646678075603194e-01 -1.013219938275454757e+00 1.395959898751150563e+00
-4.568053934247893189e-01 1.030242129060780387e+00 -2.764545185472564448e-01 -2.025809982922570196e+00 1.608973865077927501e+00
-1.003038297861796213e+00 -9.140076891852352281e-01 -8.222929735162378684e-01 2.850130916066686559e+00 -1.615301189354260147e-01
-8.894121185846995958e-01 -3.818640513586158969e-01 1.958333433097935172e-01 1.424777352964831101e+00 3.164003513066905304e-01
1.470819145607679124e-01 1.499136672103337675e+00 1.060121018131990889e+00 -2.255931148518981022e+00 -3.089090906667623093e-01
-7.352546991703883261e-01 1.627491095510481101e+00 6.241653117213911139e-01 -1.804658341266709876e+00 -5.438016620827059722e-01
9.353576817325021109e-01 -3.625671013557960065e-01 -3.971905397494732703e-01 6.835403791445159305e-01 5.885558347755599495e-01
2.066275438082422422e+00 -1.254449232745620701e+00 1.713340234822832819e+00 -1.575142516484122401e+00 -1.747691776068688974e+00
1.235349216757772428e+00 -1.804998572779864308e+00 -9.720352414298192301e-01 1.149039884846517534e+00 1.166592203924482624e-01
-7.448656934456866496e-01 -9.091303152240248764e-01 -5.659666587023725048e-01 9.560346423134609140e-01 -1.816051682352449737e-01
-8.149301989044500649e-01 -7.766561492659007637e-01 2.068793854537825272e+00 3.490631729648788761e-01 -2.200082571581811308e+00
-4.236275442143330183e-01 -3.701902932132225543e-01 2.488224860807001781e-01 9.716831051634018390e-01 -1.081958977120167198e+00
-2.509262745446142251e+00 9.114991499664962804e-01 5.660097735226192750e-01 -3.906936780970036716e-01 7.890757754838256810e-01
-6.573484549912618213e-01 2.500026756724790800e-01 -1.260070165816605803e-01 4.072578521803672524e-01 -4.881557005844023855e-01
-8.668774163063821536e-01 1.182374915896354933e-01 6.598438844656377977e-01 6.104323344810792529e-01 -1.372549205919794568e+00
-2.755524073017342257e+00 6.622626442123060730e-01 -1.704455574908826820e+00 1.193339487805046284e+00 2.998154835634718740e+00
7.341542274469000651e-01 1.033729290020713787e+00 -1.441297477817328199e-01 6.644330327118439516e-01 -1.928064769008569712e+00
-1.531790265793109063e+00 -1.178091194881566883e+00 -2.225413824104215399e-01 -3.314155950774171355e-01 1.323405491103165188e+00
1.638587145820576074e+00 -1.146059056277779264e+00 1.349554963724201029e+00 -1.844246249536563020e+00 -1.363935546208581151e-01
4.175155105551281443e-02 1.093287427409174395e+00 1.115640625023571308e+00 -1.354678976119614964e+00 -1.502223926061902803e+00
