-6.424200418812926472e-01 1.026953691558980981e-02 -7.190026947501454435e-01 2.198732815508278815e+00 -2.169620504998845512e+00
8.889216096456424854e-01 -2.553162705977420455e+00 -5.194066670779925454e-01 -7.156969603749296915e-01 2.303740041514871884e+00
-5.278554582181269605e-01 -6.755881922770768933e-01 2.724900139587732584e-02 -1.645131762332167957e+00 1.780101210419551494e+00
-2.345978593150424452e+00 -7.581824176305523855e-01 -1.884192189812456508e+00 2.360305898221277954e-02 3.765436331341676990e+00
9.395673410550010596e-01 -1.296911727993715013e+00 3.674110442651817299e-01 8.819500329588353393e-02 3.287159296788898510e-01
-1.087555319251502617e+00 8.583547788763923325e-01 -1.767767630177069504e+00 7.351034713808198839e-01 2.048816007059552469e+00
5.270510492548481363e-01 -1.979961981064636944e+00 -1.009217161170206545e+00 1.449743313627674057e+00 -1.261776849272004952e-01
-2.352159611785063831e+00 -4.803391993436801899e-01 -9.454457286567998775e-01 8.959682458090316715e-01 1.345082788575385102e+00
-6.204427483735740489e-01 4.520282587708780442e-01 1.587550008241545713e-02 -1.858344880941575461e+00 2.913059387321329297e+00
-9.332338440239172916e-01 3.573671679876094104e-02 -1.270795749382111151e+00 8.495159848328756036e-01 -1.322243956850767121e-01
6.660166053107208217e-01 -5.694716372493481282e-01 2.492588672015955797e+00 -1.237188724608093482e+00 -8.182546912913186699e-01
1.201989210276966480e+00 -3.742947317791154305e-01 -1.145146381996926754e+00 -5.969550200860884726e-01 6.339528623564336662e-01
-2.029657490961027100e-01 6.278400954190590522e-01 3.635547348973257042e-01 -1.965613289646304107e+00 4.286570332859345744e-01
-6.931550817581287882e-01 -6.814910022961665481e-01 -3.772608821271661306e-02 -4.598469478099629359e-01 8.900045814199769589e-02
1.241470946570982115e+00 -1.460978462102366260e+00 4.419438748910016201e-01 -7.712717616149831201e-01 1.424162456551006040e+00
-9.304927591988704227e-02 -2.893327076653910979e-01 -3.013328386462651443e-01 1.594939015213074907e+00 -1.306685184521881871e+00
-7.219732871000297258e-01 -9.241041888619871969e-01 -7.609666420847275292e-01 1.021745797033495995e+00 2.819595790277704683e-01
6.882691503991425486e-02 2.067386691333027438e-01 -7.213525338374545681e-01 -1.489764102072564489e+00 1.787640335838806438e+00
-7.786210569917102475e-01 -4.233911417805045208e-01 1.596970914425901222e+00 -1.101782105308058535e+00 1.185326748726089230e+00
-2.542367189484806556e-02 -3.998327120695413517e-01 7.442987098054114625e-01 4.594320349032566253e-01 -3.367516318628597793e-01
9.189720687880447228e-03 -5.173507221205712048e-01 1.445362771488126530e+00 -2.383527398284526200e+00 -6.123392251436114986e-01
-1.636800081222298475e+00 1.741514306329367434e+00 -1.568308259683107275e+00 9.475258011241438627e-02 1.245576536845370619e+00
2.065412851449563436e-01 4.913975627955926573e-01 6.035275185660863434e-02 -1.334242275425543411e+00 1.282566113106829997e-01
-1.070867835137560453e+00 -1.299187427985375898e+00 -3.256402192926777933e-02 7.082075319505286570e-01 2.127368160176081435e+00
9.927196504258910537e-01 -1.452739232801300906e+00 -2.918133821947472284e-01 7.135208137473227907e-01 2.964386861976548992e-01
5.610992266378591609e-01 -6.114270201165797891e-01 -2.375042843765678757e+00 5.650425562278388325e-01 1.422989549100233342e+00
-1.637492011538198344e+00 -1.537750439641367262e+00 1.111671921408371011e+00 -8.401350585824108874e-01 1.319906334082736166e+00
1.754415311609427652e+00 -2.998874439386123747e+00 1.862820328597472264e+00 2.081299831091927566e-02 -1.122471803543935387e+00
-3.064395026796272736e-01 3.816008872709863303e-02 3.356838096723643861e-01 -3.324156747475430773e-01 1.848299705252434005e-03
9.039116568624248060e-01 -6.701518743289927027e-01 8.857036927821072547e-01 -4.560742107019857272e-01 -5.442602126763670251e-02
2.079749896074990279e+00 2.531927083601502315e-01 -5.029947411797277557e-01 -9.232509242841355768e-01 -8.044411342616475391e-01
-2.742503186974529328e+00 7.339984552923589645e-01 -8.006589540142917683e-01 7.642692634000871621e-01 1.776980930262122671e+00
1.785446616728357583e+00 -8.972967016727017020e-01 -1.438786149080806265e+00 1.425748889605485736e+00 -2.106336176734163068e+00
-6.000616233252195064e-01 7.129271686838534183e-01 -3.389777536785144596e-01 4.066656772699640543e-01 7.473002908612356165e-01
4.718795287759280921e-01 -4.792566125593870074e-01 -1.197995931021682336e+00 1.897067133317470455e+00 -5.892483993536623554e-01
