-8.928547222660070393e-01 -6.410781741801419020e-01 6.693621436010589454e-01 -1.538921401715831472e-01 -9.300697589744868488e-01
-3.525705068782376994e+00 6.709143694932704349e-01 6.796534879382505334e-01 4.296256635965745030e-01 4.626761248341672017e-01
-4.070842780944643469e-01 6.574243058790631977e-01 2.066947126760122766e-04 -1.022272266873240465e+00 -1.155343869485982999e+00
-8.810071256994095323e-02 -9.340625694692621384e-01 -3.974094369245507741e-01 -6.515739895405711635e-02 1.407993217082045313e-02
5.664712543790857424e-01 -1.598741263758594267e+00 -1.529566686018828614e+00 1.518258925633537038e+00 4.809881457026542184e-02
6.769155188551616575e-01 -6.002544337937789631e-01 7.872582921673014766e-01 -2.331058640840663276e+00 3.255247159518923072e-01
-2.723553599519671353e-01 5.708735587363096275e-01 -5.878569799200393797e-01 -1.833901527246640351e+00 9.708947945407352120e-02
-1.418223689164611612e-01 -2.961786757117232938e-01 -5.742520055580931926e-01 6.664031351276047399e-01 -9.590910663255106661e-01
-1.887084941585054354e+00 -1.542282656788032114e-01 -1.104472737732450138e+00 2.312107288251479265e+00 1.974344755295647902e+00
-2.430895105866871742e+00 2.081929916468550967e+00 1.099388813361958268e-02 5.543177375552577058e-01 -1.249527446787195961e+00
-8.630576518665284969e-01 -1.699427812578879760e+00 -2.715963645396731962e+00 5.016581502083289346e-01 2.635759761182508765e+00
-1.705100228578137589e+00 8.643813940012947672e-01 1.126300595191835674e+00 -2.326574405910954546e+00 1.187124169274446528e+00
-7.278700636357092746e-01 6.367178644184733061e-02 1.814136343353308423e+00 -8.172085930967105949e-02 -4.588583008837610611e-01
-2.813331291495035025e+00 -1.123830118792894073e+00 7.621798355273500247e-01 1.855722687618416078e+00 8.325915681848444772e-01
-1.322973844426457379e+00 7.926701633810873115e-01 -1.527732163692655076e+00 3.787981979617394579e+00 -2.230310771181235108e+00
-4.856524379421719440e-01 3.375310940967052309e-01 -3.455507642892199360e-01 5.785007074951311612e-01 -3.321300402925348588e-02
1.818153420367795814e+00 -1.810388570048709234e+00 -9.105886585979663383e-01 1.048293725484242683e-01 -2.115301290880905460e-01
-5.712280269692151524e-01 -1.381801245733485173e+00 1.051495984148240970e+00 -9.424653089967700570e-01 5.395902022883298788e-01
-1.806771526734082922e+00 5.763299342944618875e-01 3.372140484276847094e-01 9.560436775470266824e-01 -6.991873456921783303e-01
-1.923285350392164306e+00 -2.980982060490369179e-01 1.240102610561144347e+00 -5.113969806107738769e-01 3.010252277898048945e-01
-1.181626247493205550e+00 2.060703535062792024e+00 -1.073915643328652969e+00 1.626068360290562897e-01 -6.115128781538599068e-01
-1.168883511627477834e+00 1.278336922426227540e-01 3.533565064022422542e-01 -5.024630571701930171e-01 -1.346065776573433403e+00
-1.138850378075874303e+00 -1.283191131425043041e+00 2.262361447083209853e+00 -1.151789080142590294e+00 5.434059676521127979e-01
-2.196555937921558233e+00 -1.784163919727373315e+00 1.268472159785982933e+00 2.451215767354693043e+00 7.015776805631717197e-03
-1.707500481077002474e+00 -6.557563060879282313e-01 1.218279335083511494e+00 1.665580664814909628e-01 4.848347672630034522e-01
-1.327132812999838096e+00 -7.070089397470865622e-01 7.794628777703930256e-01 -2.634499552906434672e-01 1.409737985356285472e+00
-9.036696973121025600e-01 -1.948878233159238027e+00 8.238821278178135588e-01 1.569511988149150383e-01 8.629136068933338510e-01
-9.074728308306245772e-01 1.896164959376506864e+00 -3.153178360935736446e+00 2.774609289821652336e+00 2.792374207573446454e-01
-1.265873892807025704e-02 -1.633133345372887346e+00 1.029646718437288611e+00 2.048362656506308443e+00 -6.588121761479643901e-01
-1.809892736301386806e+00 -7.578668732813105546e-02 1.071115896665191025e+00 -2.175037944856031746e+00 1.953567211686078720e+00
-1.287601662921112666e+00 -1.852077508999760980e-01 -5.078094018882066685e-01 2.055111357296091512e+00 -2.277042681679730118e-01
-1.629127496378634410e+00 -1.682112376704437029e+00 3.085529820439016913e-01 1.725937544582109240e+00 -1.368798583099463673e-01
-1.345805767397565189e+00 -1.581223019882367353e+00 -2.309672762209050934e+00 6.991320253668795726e-01 2.908712548222182726e+00
-3.368955065978965102e+00 -6.316843066475055224e-01 2.052472031210501591e+00 1.134486267630325562e+00 1.267176154866158866e+00
-2.107603692090229242e+00 -1.754951010203706252e+00 7.083751995026900117e-01 1.515979520071992548e+00 -3.009876049285767907e-01
