5.350258890146458723e-01 -2.080300043468892746e+00 7.065253930066277555e-01 -1.778990648842310618e+00 1.372309208907125599e+00
1.794402234678215691e-01 1.778100989059329562e+00 4.583228668449979004e-01 2.361706274546486739e-01 -1.969455378742951845e+00
-6.453973880172837463e-01 7.773992739889158676e-02 -2.672152796728859414e-01 1.113795983764530317e-01 -7.006778722990040231e-01
1.427892452452625527e+00 -1.863051716672623703e+00 -1.462920983634598215e+00 3.628969536871554658e-01 9.678217839013631973e-01
-5.592221176546328248e-02 1.442848203565915810e+00 2.758535793474520270e-02 -5.067638751570315847e-01 -1.585818179848256237e+00
1.870559933088184135e+00 1.301954274808985179e+00 -1.318918714092126798e+00 -1.262711936189437001e+00 3.399447446032587972e-01
2.266603002182465687e+00 -1.528972566801328536e+00 -3.407480684334634469e-01 9.407762347414558857e-01 -2.097340449862187928e+00
-5.012339472631360815e-01 1.475450567055953233e+00 4.561001064824203588e-02 -4.550887116857624815e-01 -1.437868525116096308e+00
-1.283380880018344383e+00 -1.919584472286264498e+00 1.117177195735217676e+00 9.208835706148705835e-01 7.090271946210824350e-01
-2.957917789364055694e-01 1.179958208287159444e-01 -2.095797003549303983e-01 -1.103806394793543033e+00 -4.457659004260630109e-01
1.382406497933703848e+00 9.343470528788441198e-01 -1.254684191625248246e+00 5.505208990244467998e-02 -1.131595162204030558e+00
9.174365358097616996e-01 -2.442076569847287937e-01 -4.552092907283546985e-01 -2.250654075347746197e+00 1.406212548604643731e+00
1.213502755126662391e+00 -8.424061631985155785e-01 7.510716820875128485e-01 5.213588949634500036e-01 -1.465896016182665074e+00
-2.634791438578816258e-01 -1.500168821456606683e-01 -2.693821757939773853e-02 1.047023845593887836e+00 -6.208991097420060168e-01
-4.185428017263435052e-01 -1.256392005560592606e+00 4.075133036072463577e-01 -4.703350936671145677e-01 9.155393183338805807e-01
-5.733080744824192720e-01 -1.742545823056269594e+00 1.636383437040675570e+00 1.033163000728500730e-01 -1.603709436409912481e+00
7.108763208734061867e-02 -5.346200673167437190e-01 -1.551113994785695338e+00 -1.846707484798409737e+00 1.776412161614307594e+00
-5.501299476926710952e-01 1.302026168207545166e-02 1.380090107328310056e-01 2.898981048239455127e-01 7.690793173117461967e-02
4.050557351524998739e-01 -1.359903184168826940e-01 -2.854886799585529822e-01 1.879882760287888699e-01 -5.305482095701252038e-02
1.847412106333732984e+00 -1.799966752894424094e-01 2.129018012743514321e-01 -1.200660047291529198e+00 2.052406156055780195e-01
-6.590745247370893845e-01 -2.323040500704881550e-01 2.550480712526288052e+00 -2.621189379795942465e+00 -5.460941846667826116e-01
7.404813402361196117e-02 2.143963873639347817e+00 -7.689969619262088107e-01 7.584110768732706953e-01 -1.181030085227275706e+00
1.763011398015463388e-02 -5.127847647494039318e-01 2.701414305709032848e-01 -7.879278222822425626e-01 1.103671513092523870e+00
2.674119233326893941e+00 4.610388118270833946e-01 -2.222360985325603777e-01 -1.140718395125926321e+00 -2.845748821125869465e+00
1.568066443052426262e+00 -4.229132666071027113e-01 -1.907406863566021155e-03 -1.232914153574158345e+00 -7.822323263932193793e-01
-1.111922530974339240e+00 -2.226594086452692078e+00 1.531842547762143208e-03 2.974924820525643998e+00 -4.751224756810731309e-01
-3.518933606486949195e-01 1.058984027746024292e+00 -1.770101299540409290e+00 -1.166565231457789453e+00 3.008350250233435830e-01
9.386840966745685355e-02 -5.799558374267673733e-01 -1.318744995065059822e+00 1.973752027972093537e-02 6.652867230005130583e-01
1.837926513562808006e+00 1.489356492321523839e-01 1.420522809540362141e-01 -3.186322707234723772e+00 -2.668761199444981136e-01
1.294976413380308555e+00 -4.834510235911871345e-01 1.934362256507907718e+00 5.106515852592895532e-01 -1.864148319990032610e+00
-1.929290757761312314e+00 -1.119753125216909062e+00 2.599738782411788574e+00 2.777543576216012777e-01 -1.045443445718828412e+00
1.860043014094989067e+00 -1.561141768104000516e+00 -4.390629898184001956e-01 1.018390309076168787e+00 -1.883394377929982488e-02
1.759495752993632589e+00 -1.159143811892106468e+00 1.001775495415738071e+00 -7.597793584251917309e-01 9.679475463482221098e-01
1.554423458421570481e-01 -4.243924295871538965e-01 -1.732085633644809830e+00 -6.528823638520537820e-01 2.867249016366165137e-01
9.582547934469963502e-02 6.684316323760437495e-01 -1.823396026095060185e-02 -6.949256294928105038e-02 -2.988974082262403797e+00
