-4.865783467809259299e-01 -2.680350302678084162e+00 -1.387735986953539502e+00 1.028013461591544830e+00 1.235876516414765813e+00
1.571250295751303733e-02 -3.718388230767184499e-01 9.103473491859308542e-01 -1.006853870208987756e+00 1.254939491370760996e+00
-3.639548002658187786e-01 2.122111413017633008e-01 -2.890416600147832638e-01 -1.495022941523010296e+00 2.929455612953312915e+00
-1.684375900158108230e+00 -4.938542108257433227e-01 1.702333744601429943e+00 -8.177803435316166603e-01 -2.018368691157558792e-01
-5.772978467777800660e-01 -1.270322360949176943e+00 6.426658092022241586e-01 8.238395312537720727e-01 1.195450810755089410e+00
-7.402835893718759386e-02 6.241967562269795655e-01 4.577885710155678300e-02 -2.290373167174918345e-01 1.293161660669951196e+00
-3.442049494612965388e-01 -7.281249318119907832e-01 5.331466485527005528e-01 6.293481585310972681e-01 -3.152937775659427899e-01
-7.530713964645256997e-01 -5.577718211220601408e-01 6.615493040617040910e-01 5.687885309825336799e-01 -8.971450042896217392e-01
-2.273114273321473089e+00 -1.389767227416490725e+00 1.341655161031149457e-01 2.304881852147288690e+00 7.592682407421673663e-01
-2.270989852173407320e-01 -2.178330718220913287e+00 -3.192925743761396706e-01 -4.392805267610754294e-01 1.828396126004246502e+00
1.345052651763842366e+00 -4.681244416470260461e-01 -1.090881915450155448e+00 1.250505290412230908e+00 -9.934650288326074552e-01
-4.455733370048916564e-01 8.341121216968484797e-04 7.379478313330570249e-02 1.345653688335611387e+00 -5.068984357607962954e-01
1.245753484115075693e+00 2.430438985434330235e+00 5.037001481872330766e-01 1.050996486005498554e+00 -2.678685432538908007e+00
-1.767185229197182572e+00 2.067982159456221436e-01 9.578770916583547734e-01 7.631403940728538338e-01 -1.297584224127895647e+00
-1.399865607673784762e-01 -1.070832061972178950e+00 5.775873258829501422e-01 1.757213691867925420e-01 -5.447686067676054122e-01
7.499991100685411416e-01 -8.630703053543870018e-02 -9.464014630535213524e-01 1.173475164083657152e+00 -1.039691732312397976e+00
-8.599761930353774231e-01 -1.812718009615851500e+00 2.046922223520982187e-01 6.437808563889283464e-01 1.004956576428690740e+00
-1.445413646473550973e+00 -1.209868842365502628e+00 8.735341495489036268e-01 -5.366360180578956252e-01 1.203827654528930813e+00
-1.015755126482390303e+00 -2.049758773074148582e-03 -2.757153500198509466e+00 1.760318158382375930e+00 8.140459757729451296e-01
-1.958751346194711473e-01 -2.376960411479753343e+00 -1.037732367308574072e-01 1.134678255818778903e+00 1.255397517803193530e+00
-8.783359044189626985e-01 -1.660037536718769191e+00 -4.986494813494688483e-01 1.145431829519366340e-01 8.120751595028459224e-01
-1.195930601985270458e+00 -1.945432809001944818e+00 1.909479725247358317e+00 6.229396931309830743e-01 9.307544397485718601e-01
-1.385956003357053934e+00 -3.108677943123105969e-01 4.908045875404418723e-01 -1.122539947945215832e+00 7.076824332799954709e-01
2.835314103396014973e-01 -2.303127602520698591e+00 1.436288932705025001e+00 -6.787550335730018203e-01 1.000542910477671965e+00
8.888480392847822875e-01 -3.506741500437310921e-01 -2.336229222063485711e+00 4.625846345234729817e-01 5.072917151944599246e-01
2.495941925179738785e-01 -1.306145550071390549e+00 2.699748301063495393e-01 -9.363335949923217161e-01 7.063260867080518590e-01
-1.799760463813167677e+00 -5.185583689801981366e-01 5.961825991484080989e-01 4.332628386821728572e-01 5.622278908127185115e-01
-1.355449568901327728e+00 -7.678662321984482952e-01 -2.100249585802039132e+00 -5.805050264226844225e-01 2.820932648882986005e+00
1.376797621993243625e+00 1.568645966144488479e+00 -7.179461267597733176e-01 -3.530982258750256508e-01 -1.645836081522260574e-01
1.413053272500346402e+00 -1.633337539796759996e+00 2.809003316182318577e-01 1.501327401886654034e+00 -1.369404462742810580e+00
4.777049320062574933e-02 -1.064368504709058527e+00 -2.416185170061918575e-01 6.079220493005617065e-01 6.240107058974471155e-01
7.729523107429129292e-01 -2.280709767318537806e-01 -1.878128019521639047e-01 -8.884046352206018682e-01 2.948330387227833249e-01
1.920388219322050505e+00 7.819314685824864386e-02 -1.431345942682523020e+00 8.572888286318119944e-01 -1.941076601514192923e+00
3.904609035891267732e-01 -1.542773722739299913e+00 2.932180543118771965e+00 9.179135804964957401e-01 -2.542370191179181393e+00
-1.236239294333302929e+00 3.327025406403952279e-01 -1.195304362248136743e+00 8.141437878628204894e-01 1.448205845432465999e+00
