-2.788531849063569545e+00 3.860818911851401913e-01 2.332490837183320398e+00 -1.633913155093930536e+00 -4.781702030279365578e-01
4.064622177382686274e-01 -4.571179696583349550e-01 5.916905904455566079e-01 -7.228306708310662243e-01 -2.702334717156920640e-01
-2.452043822096482417e-01 6.296610689474477773e-01 8.603197758539553597e-01 -8.449861478326550213e-01 -7.843298367367013135e-01
-1.308361221234240812e+00 2.444350853480698138e+00 -6.684296690228008764e-01 -1.055535864355283904e+00 -1.153101121477180468e+00
1.012472420437070530e+00 -6.593474801289128662e-01 -4.604020618488575689e-01 -1.219211791425473868e+00 7.155824122358079853e-01
-1.331093630749241585e+00 -1.393399548880602135e+00 1.553110587161034228e+00 3.569223249701407030e-01 6.147779911725658186e-01
-2.222813153672964948e+00 1.119266264836820124e+00 2.683447544743446933e-01 -1.560374335335210860e+00 1.332996756095620849e+00
-2.907774337237346352e+00 1.733527716714847511e+00 -1.562985134461295278e+00 1.040970826800899918e+00 -2.751501761414593128e-02
-1.171929308060174618e-01 1.385681370674652246e+00 -1.180619867877029661e+00 -1.094918629071730820e-01 7.447082219924949786e-01
2.242503483561276489e+00 -1.783712364629275182e+00 -6.754849592497226274e-01 -5.809335547065773708e-01 -1.102707136412608868e+00
-2.099135318344298895e+00 -8.656395593476962080e-02 1.690239304774027618e+00 4.825201819968871764e-01 -6.205328065435644636e-01
-1.281354442821381889e+00 8.990056496751859250e-01 -5.548828611430871582e-01 1.188702383447128447e-01 4.267262394669729675e-02
-1.290062607094175640e+00 8.031316701903058464e-01 -1.910487188302406159e+00 8.712310311536444196e-01 5.587534031053774664e-01
-1.150246548550636350e+00 -2.623796267798582105e-01 -1.280897633180015704e+00 -4.540965150160360952e-01 4.033970608832258553e-01
8.032428952239847320e-01 -5.736167920664210218e-01 -1.673465415057472150e+00 4.847418862866762490e-01 1.237088952189516977e+00
-1.810748897159814241e+00 -1.335976541151997710e+00 -1.410940655649800535e+00 4.373045696365598367e-01 2.824934032367845571e+00
-6.743558283889097282e-01 -5.735960005975424686e-02 5.602675646113873809e-01 -2.246680680443423395e+00 7.580432131130674378e-01
6.697812014275924541e-01 8.065880520271522247e-01 5.905320622984167045e-01 -3.659661436795586531e-01 -2.294942295388712417e+00
-1.047072653642262097e+00 8.774981987272667538e-01 -1.102283528548116065e+00 -5.095527388193027418e-01 1.032159590518501924e+00
-7.836750464013505502e-01 -4.731070330021446280e-01 1.814403983321225322e+00 -4.223583205985399491e-01 -5.553858759794578770e-01
-8.683507702564464692e-01 -7.316899353217473090e-01 -2.535160584273506768e+00 1.743969700413688484e+00 1.990161384627991970e-01
-1.485729929369667301e+00 -2.266211214067069823e-01 -1.254021068883629964e+00 7.791592288914354070e-01 8.068520170624760013e-01
-1.616519240578468741e+00 4.003743619304478418e-01 -4.232116518683824991e-01 -3.476939540673781304e-01 1.599723895526730777e+00
3.716671847636855985e-01 2.106861058721614111e+00 1.525691935230721441e+00 -2.935157788035634430e-01 -2.876983118095964187e+00
-1.063961833342192964e-01 5.283870574010639531e-01 1.897753559143328661e-01 2.142692444121251094e-01 -2.801787464141627937e-01
-1.153220146163204257e-01 -8.240330793405630239e-01 -2.159737883519193158e+00 1.789616502739908466e+00 5.375555186868807844e-01
-6.248319661928479762e-01 2.311717700190841218e-01 -1.693464077177572857e+00 -1.180645340024135459e+00 2.320983502426855249e+00
7.325040319175785131e-01 -9.402638348023543147e-01 -2.297434930304201317e-01 5.125748770147876554e-01 7.344173928434042375e-01
-3.875768230917019941e-01 -2.640667567625365475e-01 -1.158720899800230075e+00 -1.980115076552788178e+00 3.510649216648345394e+00
-2.086062154329097140e+00 -9.913510745610618624e-01 1.963115917284984135e+00 -1.037518904375318796e+00 1.120535631056133630e+00
-7.274492541338631879e-01 4.875716436508289453e-01 1.652905262952009818e-02 -9.660330882696102073e-01 4.536794894143376666e-01
8.046639433134612496e-01 1.743204796067737150e-01 -1.490813634364960283e+00 3.467682172705466859e-01 1.749355208565745445e-01
-1.212346832940943697e+00 -1.629709120360930408e+00 1.619575630202005900e+00 -1.916165265175419963e+00 2.077767215639252374e+00
-3.622029967320422594e-01 -1.204084665200185755e+00 -1.606355950188269377e+00 3.811916139791089453e-01 1.054482917589503632e+00
1.540024675809240629e+00 1.049619504056912511e+00 1.576643876504725261e-01 -3.406807469217483675e+00 -8.882142603008020831e-01
