-9.352896385785733901e-01 -2.302840105906323043e-01 -1.292538258492909709e+00 -2.316721855244125994e-01 1.433884074897732841e+00
-1.602284420908399176e-01 -7.379903378436383221e-01 -2.727026107629952900e-01 -8.583560616786716224e-01 8.972681501847190599e-01
-7.746978100316610494e-01 1.844031329980200251e-01 -2.249395233880343570e-01 6.057799852429950060e-02 -2.831544475349663248e-01
2.488931465960299239e+00 -6.808655566197376885e-01 -1.426651545293383450e+00 1.529928638887468884e+00 -1.440733696991754131e+00
-1.927179947022146012e+00 1.389422848080466011e-01 1.753078393866705609e+00 1.037532092972559772e+00 1.772056065212741505e-01
-6.475357257958384016e-01 2.762932663814343104e-01 -7.368948744196957001e-01 1.461798138997886243e+00 -1.077614705834223641e-01
-3.389133223685977025e+00 2.651052615178001171e-01 -2.012410931755955756e-01 1.978991626780187918e+00 1.100748286762414763e+00
2.059841292394262169e-01 5.884742320321574294e-01 4.645627543449728503e-01 -2.522311100716310595e+00 1.586412434847060959e-01
4.295409289409174991e-01 2.243610943364500177e+00 1.030937398250479475e+00 1.274777723320774658e-01 -1.189148102820700714e+00
1.973966518524679359e-02 -3.352305505793015117e-01 1.329505652220180245e+00 -1.971636195306114003e-01 -6.264059155085155428e-01
-2.613736681636609771e-01 3.110447134095503108e-01 -8.942847186560284878e-02 1.789171597916966672e+00 -8.078595778892467827e-01
1.864677120320882286e+00 2.646232964716649927e-01 1.231203020769138901e+00 -4.929356553759134396e-01 -1.253530966974488070e+00
1.369365032703955265e+00 -1.724487465700357713e+00 2.715822352234587012e+00 -7.916826441453221896e-01 -5.885683585279904984e-01
1.651346673936197051e-01 -9.362447874279683502e-02 -1.977362284441536611e+00 -1.505237142193055044e+00 1.589695422945729630e+00
3.066044128355416981e-02 1.496417401975693728e+00 -5.087591633763350885e-01 3.830043644699283045e-01 -6.962431281710241837e-01
6.327602169244681551e-01 -3.476000612017382529e+00 3.747950655648811802e-01 2.555614692758884088e-02 2.141068570143170646e+00
8.090096866422482602e-01 -1.954144874167971446e+00 -1.256118607044538704e+00 7.209237864363253756e-01 6.263060539213615163e-01
-9.222041980955026919e-01 -2.335924109959624850e+00 4.557050457874169958e-01 5.912846598965411093e-01 1.357364950338568521e+00
-1.082946919656937734e-01 -3.245089598296870825e+00 7.653310723848085750e-01 -5.295413569768654405e-01 2.372208958920498212e+00
-6.819188984292583466e-01 2.026001241874436420e+00 3.870189994080766027e-01 -1.248716035382875678e+00 2.337026456209369552e-01
-6.929619615256928933e-01 -1.389258463655510978e+00 -1.268000793916326474e+00 2.179733341349426645e+00 4.807430133227801328e-01
-4.427559757418259023e-01 -5.482064973009199704e-01 8.601557486556904442e-02 7.442849345572998265e-01 -4.536579975383975283e-01
7.342423445282721950e-01 -4.879128015763604109e-01 2.960997329292998637e-01 3.309988128791454542e-01 -9.606441231209454645e-02
-1.138168505581685919e+00 1.182441529078650078e+00 -6.882033330842770580e-01 -2.151037020651181741e+00 1.273750786725259321e+00
-3.438345909527532607e-01 -1.341393582123364459e+00 -6.676759258993811286e-02 5.228325139734913973e-01 4.117891166929435465e-01
1.112269443986312611e-01 1.768909426847370403e+00 8.126443717760325480e-01 -5.925188644661603110e-01 -1.569476649922597611e+00
1.785594719544848052e+00 -6.916386935578935358e-01 8.738540768987645979e-01 -3.690680595136536457e+00 9.375954794433627448e-01
1.365893370568421972e+00 8.925353444049203278e-01 -8.728082786030568752e-01 -1.966718660274657138e+00 9.630442984679692398e-01
-9.850491352759558339e-01 7.850149912782661277e-01 2.386394572654723101e-01 1.079211598902674041e+00 -1.659682980230935190e+00
-3.027348606896060446e+00 3.455944547560300339e+00 -3.906047159800116186e-01 1.017446177691348597e+00 -1.963826538599810601e+00
-1.373019332119279845e+00 4.150010589673969186e-01 9.279776573242570770e-02 8.718231081021581286e-01 -9.117993671989784721e-01
1.558039525277171933e+00 -2.095988973924505228e+00 6.082959985041387352e-01 1.080664034953068064e+00 -4.243660957565376091e-01
4.991085838371682182e-01 9.355631222676662473e-01 6.525179517862846890e-01 -1.638727506908859821e+00 2.334001941997876917e-01
-4.816975003371594677e-01 1.009799115223577459e+00 -8.608822803719344829e-01 -7.740022570028576299e-01 4.575259587919134896e-01
-4.994011164819961435e-01 -1.712355574972383776e+00 1.319706325076247522e+00 4.116975928424990161e-01 4.032367554690749478e-01
