5.149662535693864118e-01 2.643040519014087097e-01 -2.269634625858496513e-01 -3.877832305302942872e-01 -2.969044824756070788e-01
1.915141685637275826e+00 1.918741164596536652e+00 -1.176025922103509681e-02 2.580472919185708425e-02 -2.273801169398603328e+00
-5.574602312046298414e-01 4.301816214865965549e-01 1.215995699727324686e+00 9.519267077945474664e-01 -7.262751327691451264e-01
1.356264279007249440e+00 2.199976317831066619e-01 -2.970945823564567601e+00 1.826174832274191084e-01 2.385645251774419773e+00
-2.289080668219007908e+00 8.963111206266787256e-01 -9.545047912015286462e-01 1.919608994557252757e+00 -1.254703911692298668e+00
2.167184541698029765e+00 -4.380074187232930183e-01 -5.945374034798390356e-02 -8.952628458251101762e-01 -9.429041681362925198e-01
2.185701187248007216e+00 -4.855743666795005534e-03 -1.759901050237046682e+00 -7.712069104154939403e-01 -4.896021656512383746e-01
-1.698128871197742473e+00 1.767209351937706341e+00 6.931079806735349624e-01 -2.221663915281181012e+00 6.848432771074866032e-01
8.598983523015824026e-01 5.466694569265811987e-01 -1.992112671161400672e-01 -4.311912220431997067e-01 -1.430221331689121245e+00
2.157359422465888521e+00 -5.642612383524492348e-01 8.282583475724177025e-02 -1.510287706820356846e-01 -1.065376325312671346e+00
6.722324469927506430e-01 4.718306919449190562e-01 -4.016310938500018413e-01 -1.285487384221127849e+00 4.640457176549863672e-01
1.868550390473999734e-01 -9.308158009651414933e-01 -3.184211505517582919e-01 1.187127935418963026e-01 -3.821225973029267475e-01
1.002819294177721865e+00 3.028864025912087143e+00 -1.640208722940362129e+00 -4.847088819294643192e-01 -9.285791110599326270e-01
9.122243007699268880e-01 8.567770697350280962e-01 1.560236581289856428e+00 -3.642189757224385538e-01 -2.351966798932970448e+00
8.603492925576855521e-01 -7.974421376692385488e-01 2.963207114753530380e+00 -2.009346150314341273e+00 -1.326930142952397418e+00
8.801126530348372112e-01 1.731039650852577383e+00 -2.972022278890503744e-01 4.266144998351434348e-02 6.662508924778112185e-01
-4.876524372339190450e-01 -4.649599218914285403e-01 1.120801272111505487e+00 8.741054513014312466e-01 -1.017131748976173977e+00
1.326008081654890258e+00 1.761293667870212687e+00 -3.781894429903588373e-01 7.476902123423462276e-01 -2.881131966933422106e+00
-1.368812973893457796e+00 1.065551695019181233e+00 7.625372267848352648e-01 1.532666552471786958e-01 -6.240977705737182912e-01
-2.100062790220073583e-01 9.648455519451175633e-01 1.947461465488765919e-02 6.454150089256990297e-01 1.310867236991818618e+00
1.668219729632073101e+00 -1.187107017571136458e+00 -1.580578790400592348e+00 -1.917498476679467823e+00 7.511139999944729251e-01
-1.145258472218371217e-02 -7.943571346111648612e-01 2.322740572861847208e-01 1.553738191637709321e+00 8.311007049568338578e-01
-3.602820343097595107e-02 -2.189729426632036180e+00 2.696552827862523927e+00 2.809508047386218843e-01 -2.611797556039513690e+00
-6.182010575196783542e-01 1.337874460412046274e-01 1.881692757741685318e-01 9.826840374871512740e-01 -8.807348159279314581e-01
3.419189165192612068e-01 7.317381923328983850e-01 -1.885939496878617616e+00 1.012625896066474240e+00 -1.531667718889355267e+00
9.074158869176370823e-01 8.119796113742787647e-01 8.908224139344556036e-01 -1.273436992553043101e-01 -1.655401808913262940e+00
6.465294538219327203e-01 1.365686048503051309e+00 -1.928276909909500514e+00 -1.306201871743028819e+00 6.229222493389809934e-01
-1.276443038662140039e-01 9.442970160629020615e-01 -9.378976815095521058e-01 7.765469383420582350e-01 -1.188903561364323958e+00
-1.561948980469526793e+00 4.998652054687438007e-01 -1.425570401133207321e+00 2.919958619063229399e+00 -9.421092555853312067e-01
7.503113587216867497e-01 3.170977468959535472e-01 -2.549425476806591040e-02 5.557570338047327363e-01 -1.064043173322685165e+00
-5.123596838215234150e-01 3.845085117021789234e-01 7.624824913860459574e-01 -1.967283520537855268e-01 -1.003882041143848936e+00
1.157195794214662010e+00 3.040338359873945295e-02 5.423117101029333309e-01 3.691312611444002578e-01 -9.888321416005769748e-01
1.171833771122760687e-01 8.713547597965161096e-01 6.632602773680749131e-01 5.672950241103518199e-01 -2.864946223179345441e+00
-2.224641046085935603e+00 7.655238579046860226e-01 -1.407909516074901113e+00 2.188712276739610996e+00 9.372770553748148714e-01
-1.065213995890217369e+00 6.347532467635724762e-01 8.036560767180529752e-02 2.885740332999695013e-01 2.338802996223109387e-01
