-1.274953213946775632e+00 7.390094026614516531e-01 3.437064349181251921e-01 -2.249587680392884925e-01 -9.859691125354734798e-01
-7.471776731160160168e-01 -9.052481061362075421e-01 3.392000105782960739e-01 1.443689015696173472e-01 -7.782011185352090410e-02
-5.396244242096953636e-01 3.972277894137519194e-01 -1.244737620011545420e+00 -1.913481907533630455e+00 2.265890861576453030e+00
-3.016801109978879958e-01 3.484333808200408278e-01 -7.784557490466399721e-02 -1.354436220686230818e+00 6.550992634713693752e-01
1.925848020475127709e-01 6.564949420723146245e-01 -9.943509675884898424e-01 1.818465475055748570e-02 -1.186304307886516085e+00
-7.824956555310627060e-01 2.267477905361552359e-01 -7.842420689514709720e-01 2.423699010509473784e+00 -1.289520966215468523e+00
6.678576564132869819e-01 5.490084619957256162e-01 -2.219818336836650641e+00 2.568262550586755677e-01 -4.212647682937087357e-01
-4.611321987724357196e-01 -5.849167189056472260e-01 1.145171018912953809e+00 -8.167251278093897726e-01 -1.497975212225691966e+00
2.462537134704953612e+00 -5.614355346251544976e-01 -4.791404289140923645e-01 -3.793828660961168220e-01 -1.642241775594515119e+00
-1.583554221369812831e+00 -1.192028363351340658e+00 1.435965509005171503e+00 -8.135192708484193513e-01 1.368475570309439227e-01
-1.681219480834654112e+00 1.538308755930434035e+00 -1.343562115387844647e-01 1.284855039703916235e+00 -2.096715538657984990e+00
-2.463158601108374590e+00 -1.956307072342657882e-01 2.566325073768791043e+00 -4.436841166850513662e-01 -3.181331317784908963e-01
-1.796076421967979231e+00 7.722750021220127492e-02 -3.768488303524546862e-02 -1.043957524791079734e-02 1.513373066079608087e+00
-1.182207340784990901e+00 -9.925071873239852405e-01 -2.044111435343254790e+00 3.874487762619653330e-01 2.104902396150461374e+00
-1.902201881813300632e+00 9.760979448015405513e-01 -4.082097594495359694e-01 9.759055400570402217e-01 -2.743703669103627618e-01
-9.178218006191577460e-01 -4.162418792448568938e-01 1.934596730942614640e+00 -1.949375464714181660e+00 3.322597413672127020e-01
-5.339752571231883710e-02 -3.228542188126526380e-01 -7.895096452063278258e-01 -4.998726266097968107e-01 5.831781201818226901e-01
5.253511343317105453e-01 -8.104206324609023460e-01 -1.937536520278816399e+00 -3.500676547184978782e-01 2.252305206941348725e+00
2.960280177970913140e-01 -1.247352856016233913e+00 -4.880461197744008217e-01 -8.626606242839853778e-01 9.238624726087142358e-01
-1.460266409993184356e+00 -9.228700052771453555e-01 -1.163914478133015296e+00 2.445141318208105208e+00 -1.758710456069954575e-01
2.501470356259178907e-01 2.355235245942535194e-01 5.563280840613619160e-01 -1.384610333478874189e+00 -6.027471580941899942e-01
-1.649176339053312290e+00 1.554363485153162916e-01 1.261636822295367999e+00 -4.411251694221868247e-01 -6.474415090762638547e-01
-2.513492747648266246e+00 2.006943822181786796e+00 6.012500786156528276e-01 7.709927682606061705e-02 -1.732637064421956197e+00
-2.855505042698356366e+00 1.512210969881264688e+00 -6.210494492535401090e-01 2.166764444940302070e+00 -1.463365585128628688e+00
-1.709452509953380162e+00 7.505181358243718792e-01 7.633997261855801630e-01 1.651236942185742240e+00 4.639608781703864759e-04
-8.183058226089330589e-02 3.115053120864310632e-01 -1.025574115077889203e+00 -2.437949642400712991e-01 -6.846166822868313684e-01
1.269804932551148013e+00 1.932105393990836695e-01 -1.810261028454999144e+00 1.383201493317897768e+00 -6.579697943178057784e-01
1.832126606764163057e+00 -7.785695699429816541e-01 -3.415419575339997960e-01 1.495566937597646584e+00 -7.557961595947351174e-01
2.528895299736375168e+00 1.127246692891587188e+00 -3.109020345581967049e-01 -1.129445041563503560e+00 -1.112918745908528795e+00
1.370638219204782793e+00 -1.269809624850475327e-01 8.680720598934315024e-01 -4.018811946334729379e-01 -5.836377308063777081e-01
9.670575580357345657e-01 1.507175468804084373e+00 -2.197986563735448318e+00 1.488156774847797514e+00 -1.274835672056177982e+00
-1.299653043856645596e+00 2.874851146259608470e+00 -3.702518329260433561e-01 -5.556095409051579198e-02 -1.498232388891957978e+00
-1.113666107811660977e+00 1.088726720859720443e+00 1.932344895065409185e+00 5.871166090407529126e-01 -1.285436764963426182e+00
1.218142181612129837e+00 1.018266732036015920e+00 -9.503570801788636668e-01 6.655235774359588574e-02 -8.831434981843678811e-01
1.073027179751913307e+00 5.078286210031411896e-01 -2.131506626612819311e+00 -4.103401132224847592e-01 -6.555479280339067127e-01
