-5.513259825038777789e-02 -1.455201503337633540e+00 -1.140115776860579910e-01 -3.106434775323497210e-01 -1.561057069093314542e-01
4.915431780793415584e-01 -9.765038051972698696e-01 -3.088962721867496430e-01 -1.037596289593565535e+00 2.826393125712670651e-01
-2.617626147093918831e-01 -3.351643638839618689e-01 5.171339942376506071e-01 2.678000365608722011e-01 -1.509403789235026050e+00
-2.425382948371539449e+00 1.270795489962029734e+00 8.164071541934032616e-01 1.037235562411885414e+00 -3.883844780191704205e-01
3.267713653521819306e-01 -4.561141713485151739e-01 -2.102110237625044231e+00 9.434428788449653602e-01 -4.813037215971631699e-01
1.090275112105422828e+00 -9.894074193662429906e-01 -1.677326055755722356e-01 1.227549262300254185e+00 -1.867984565011571174e+00
-6.475352723900578145e-01 1.987159722254085992e-01 1.950796112787601955e-01 -3.053398410877659064e-01 -2.966839750858113467e-02
-1.369231459677035856e+00 -1.877863518293126921e-01 1.399010687579673728e+00 8.074912833641317844e-01 -2.241240290208151631e+00
-1.854029749102482638e+00 2.341887813888883230e-01 1.404173719429272715e+00 1.977051779315851077e+00 -1.931172597490976806e+00
-6.698014191061338884e-01 -7.365938300469082600e-01 -1.057687595414869008e+00 1.409994641242998226e+00 9.142820317570793387e-02
-9.108417588417058175e-01 -3.778846089830308896e-01 -1.084881136130097845e+00 -2.225711910702545371e+00 1.361418159582441945e+00
-1.718274357736844671e+00 -3.092419720324407262e+00 -1.290211051634632566e+00 3.714887100091243788e+00 4.814900411484736020e-01
-9.209681754180576441e-01 -1.621385308632496969e+00 -5.977465218103089617e-01 1.280445997144880721e+00 7.144637866330837417e-01
-1.623309307666867873e+00 9.776393222902340918e-01 -7.691321614626480674e-01 -4.304742344284112621e-01 7.152697635770578488e-01
-1.725926362465107333e+00 -1.170370749122832343e+00 -4.851849740134732691e-01 -9.789155182424496005e-01 2.984795759591273079e+00
-1.017030582502397529e+00 1.665647058444111428e+00 1.057538272842216909e+00 -1.641441391966869778e+00 -6.873590356882373076e-01
-1.275974600979608464e+00 1.487958380289553295e+00 1.326457028514370418e+00 6.160437912551985917e-01 -3.225697321117668270e+00
1.137890610196508279e+00 -9.933513503819695334e-01 -8.525569118950866443e-01 -3.126348473818735957e-02 2.003382320924417259e-01
4.925702735256733966e-01 1.696989989385922826e+00 3.786164923390077791e-02 -3.291980647422068085e+00 3.676757706152423144e-01
-3.256336128199719404e-01 1.455899154624124225e+00 -3.411009790752010939e-01 -3.947179804156821792e-01 1.898202937685103397e-01
-1.531397534179725239e+00 -1.894973718882420943e+00 1.960811971329360137e+00 6.964492845739893578e-01 -2.669587674293406598e-01
-7.478699262774368695e-02 3.413356486231595294e-02 1.250332831536495215e+00 -1.500756560648812021e+00 -2.323344009225395634e+00
-4.137526206596477962e-01 -2.132483751934553418e+00 -6.121738953341440137e-01 1.752931216033604134e+00 -1.443390469336461868e-01
-6.423126035171160542e-01 7.014117974112881182e-01 -1.895480385160670522e+00 -1.610167201511159690e-02 1.169639411433997411e+00
-4.107833047230881607e-01 -9.480468417969043493e-01 8.238801242553329685e-01 4.816011292694406531e-01 -8.719433427274549953e-01
1.998502613989212029e-01 -7.635497843797817152e-01 -2.505853885049190932e+00 5.786299202809823683e-01 9.360278200042371211e-02
-1.902832009865873752e+00 -1.943189678377781116e+00 1.375064637899864772e+00 -1.331020540619829884e+00 1.226991203496895055e+00
-2.643643957315096049e+00 -3.048395619640962728e+00 1.322748395714627323e+00 6.298035779430275483e-01 6.959061356190331393e-01
3.086672410761974739e-01 1.022598499340544587e+00 -1.384070838444108942e+00 -9.336203927412676240e-01 1.197788554526761473e+00
-1.002408149151154726e+00 1.324113289673060079e-01 8.956016425402614223e-01 3.351614139341911325e-01 2.340690639706219378e-01
7.970721067784962699e-01 -6.793423913330374209e-01 -1.280610308385130569e-01 1.405453430503374124e+00 -3.853097773427220929e-01
-1.171532595900013574e+00 -1.139861520320681665e+00 1.404669217672130488e+00 -7.117395994993538921e-02 1.613923120710745618e+00
-2.990716931828443226e-01 -2.736206657992759972e+00 -4.638319469805304851e-01 9.509336560085323020e-01 5.333209362393291908e-01
-7.063126508727363140e-01 1.061790394430462525e+00 4.641348271780840196e-01 -1.574862698972984809e+00 8.826345174859780984e-01
-7.756211243278208212e-01 -7.108709093336326723e-02 -8.364941394855954782e-01 1.831042827323086541e+00 -6.141649794961430153e-01
