3.383272094424160104e-01 -9.981528047937378023e-01 -4.899239387681083580e-01 1.568616640740715384e+00 -8.670897829476216234e-01
-8.857414877072392612e-01 5.731249036406801389e-01 1.378256331610608676e+00 5.844565278051229162e-01 -1.659218793325242469e+00
-3.286811046152557925e-01 1.017288620176834274e-01 9.959698174877601451e-01 -1.488406041945327662e-01 -3.033632432695331227e-01
-2.112425702123998050e+00 1.837069571587809369e-01 7.259804748716915945e-01 -1.736941000134736290e-01 9.612597273073698600e-01
-1.799874003650613341e+00 9.010494434503849570e-01 -9.916639858155082976e-01 5.586996015839338359e-01 3.999863508573617832e-01
-1.367937937348443045e+00 2.416840927661913607e+00 1.248573041822606644e+00 -8.150214280255851929e-01 -4.620571930440626751e-01
-5.554348747728846680e-01 -9.558681563371475010e-01 5.383851936942384286e-01 -8.205751732443320456e-01 -6.022292224038264807e-01
-2.660674953788658703e-01 -1.172792145798517316e+00 -9.110717221856476922e-01 -9.106587652269368949e-01 2.490987866319955835e+00
-1.279983291955273605e+00 1.390144480303643348e+00 2.654849787593364652e-01 -2.926850993747566743e-01 1.122232376947551291e+00
-6.964680045975566447e-01 1.495127160792621313e+00 -1.357222148836102260e+00 5.795136335970917374e-01 -1.123442233100162835e-01
-2.198536114151024012e+00 -8.233057991244537854e-01 -2.123958693475938020e+00 7.571092656315627778e-01 3.767936034708260440e+00
-4.332854634878430256e-02 -3.749018185891004329e-01 5.217502927692972969e-01 -1.313446831339960097e+00 2.033583031489951537e-03
-2.243183082404625495e+00 1.137217780089422314e+00 3.426593971661857640e-01 -9.560249589101148249e-02 1.061559403097408927e+00
-1.636159869500335873e+00 -8.318768276131129902e-01 -7.118920774485149039e-01 -4.070207349771703953e-01 1.915379830376035875e+00
-2.607064000142859328e+00 -7.522622582304325789e-01 1.637146431839734850e+00 2.327011661126078268e-01 1.524936297909341709e+00
-1.486814545862399806e+00 2.637260645920048163e-01 1.955107281178137257e-01 7.826560778307833921e-01 -1.142654237373253778e+00
-1.639667080742735372e+00 1.266574229291188569e-01 -1.247129948343253192e+00 1.549332053426808464e-01 2.037198886217461702e+00
1.252590547751168515e+00 -5.277498631398332973e-01 -1.175172131069432524e+00 7.824213708230400854e-01 -1.008429847515400768e+00
1.394654226290736654e+00 -3.907592168613215344e-01 1.704349543840718295e-01 -1.297172015150321434e+00 -3.640366175153189054e-01
1.069901013953896030e+00 -1.754963539725820643e-01 6.175055494457221128e-01 -5.405770953685726798e-01 -1.301646497051861751e+00
2.149289159679297345e+00 -1.383025369406792660e+00 -6.645846383811743197e-01 3.456531758026800683e-01 -4.022376701800808307e-01
-3.698756603017592237e-01 2.376478057865117233e+00 2.503383696896003041e+00 -1.925642152791138040e+00 -2.068845506415603275e+00
2.764255996748214428e-01 -2.717743064319855684e+00 -1.580318156199792101e+00 1.586695455026368773e+00 1.085682353237637843e+00
7.784039043336937747e-01 6.803444565652037035e-01 -3.830150437957862142e-01 -2.012832938142647521e+00 1.226967109242192100e+00
-8.481643011104862406e-01 -2.973964609263816117e-01 7.777249561472976414e-01 6.309894967655325926e-02 -1.137988023776262958e+00
3.336385362542842459e-01 1.562696738184450762e+00 5.550452658921978255e-01 -1.526171558088127211e+00 -1.287919464625806309e+00
-2.565682846574933951e+00 2.703557723483295483e+00 -1.333474261738579747e+00 1.095156947846676054e+00 -8.845673290562428015e-01
1.256479166930356328e+00 8.793040578017421449e-01 -2.640333991566116145e-01 -7.052595000674807268e-01 -1.380628766495990423e+00
-9.924065189035100598e-01 -1.242026041594372687e+00 1.786298073379328777e+00 -4.871734307318098534e-01 1.779933302756581570e+00
-9.514149081257334828e-01 1.224761180601652288e+00 -8.813470468204519515e-01 -9.149784312396608277e-02 6.683712045029838178e-01
-1.596950324795356480e-01 -3.947794662701520907e-01 7.754917275666562970e-01 6.095551182715345240e-01 -2.321091760735861875e+00
7.666391850174829672e-03 8.055674664650516181e-01 -4.890845252707799462e-01 -5.530681328730481239e-01 -4.642764481570794688e-01
-2.507698338379882763e+00 -1.087907442074065534e+00 1.897664616915398339e+00 1.679974638816946753e+00 2.397304140809207451e-02
-5.287620549900475808e-01 1.602278550344420349e+00 -4.300276498572805917e-01 -9.333267918737309099e-02 -8.180842993841048738e-01
-2.142703079699392887e-01 1.858000240518835167e+00 -1.254050581074318327e+00 3.849257817233907031e-01 -1.615727447340947309e+00
