4.068571470583524086e-01 2.032242671084635965e+00 -1.672581478511168340e+00 -1.669216040300203652e+00 2.639793562386576475e-01
1.435395752534137648e+00 -2.596934572813987430e+00 -2.585607893796799672e-01 1.271470308617491440e+00 -4.081832682639727761e-01
-5.040862193444842765e-01 -1.304136725860739476e+00 -5.266192233914960275e-01 1.529614084886662617e+00 -1.518007593294108393e+00
-3.253020667527877219e-01 -4.743591000636888655e-01 1.291386813850988746e-01 -7.931559535723553545e-01 1.067423672130420886e+00
-4.677197793982489082e-02 -1.339254076616203104e+00 -6.341974958684400976e-01 -1.078787315027063043e+00 2.626604469005137776e+00
1.313479700736116307e+00 -1.643019236565368413e+00 9.460648378863367736e-01 -1.233770237416958127e+00 5.995837270001569408e-01
-7.047884501615816477e-01 -1.152824873514747051e+00 -1.315416380923505102e+00 2.134781907421272162e+00 3.474161482976002163e-02
3.611599725041709785e-01 -3.314969105191601512e-02 -3.189031902984806877e-02 -2.019502870311238762e+00 5.673777859538113935e-03
2.880614434982747274e-01 6.525523403418674873e-01 -1.134636643529158551e-01 4.268830972049250105e-01 5.821611901076232387e-01
5.881347477857904599e-02 -2.329939423599589610e+00 -7.659522330665109735e-02 -1.135220575447954294e+00 2.558617736551101363e+00
-2.155986701535512334e-02 -6.414176850889713455e-01 -1.891732521887884433e-01 -1.826251992666630963e+00 1.696037986006076803e+00
-2.460850761556357957e-01 -1.141548391401858042e+00 -6.300254124292291591e-01 -1.223831761578556332e+00 2.278725519727926585e+00
-6.381113712966031137e-01 -6.705968339951472457e-01 -1.530457008283718556e+00 -3.002596891729396589e-01 2.044083509517507391e+00
-1.262572139969640045e-03 -1.459758326486096491e+00 8.625874373712788534e-01 -3.208537413287384510e-01 -2.289409000146229167e-01
-2.208373623339441871e-01 3.213792926766434466e+00 1.079680356384485007e+00 -2.132948560243622893e+00 -1.489701436133630930e+00
-4.893072370551505568e-01 -2.088180146448778696e-01 3.850237977136771739e-01 -1.732335129370691673e+00 1.178176167865651491e+00
-1.105912331318965602e+00 -1.851782230192959289e-01 1.547909426850009540e+00 -2.347549057579001008e+00 1.296032838218102112e+00
9.532930238464891737e-01 -1.783774513778564774e+00 -5.803182002344023926e-01 -1.173244923116849719e-01 8.602270507719436132e-01
8.979285436217487870e-02 -2.232255741823364614e-01 7.730270817801423444e-01 3.527090318279152981e-01 -1.652901741286471937e+00
-1.157031415486893700e+00 1.126294592201146028e+00 -6.062438535934667749e-01 2.382643984292914796e-01 -1.797187064925198086e-01
-6.377444472432149958e-01 -1.537611246745085980e+00 2.209283056777965604e-01 -4.824740075346564128e-01 1.662367511282490051e+00
-7.229227041065473536e-01 -7.224292208395002302e-01 -9.342522649038201843e-01 8.598322067535584257e-01 1.698319377490941973e+00
6.477810112465185455e-01 -1.549467898350463946e-01 -1.018960132002091790e+00 3.093794478964237982e-01 3.942089935887024277e-01
-5.689100429030091721e-01 -1.140126458724805447e+00 -3.632262074517469963e-01 1.683032106998078037e+00 1.003806192614500187e-03
1.473091038037126266e+00 -1.175011780280356355e+00 -1.689134970825377557e+00 2.142987207007210904e-01 1.485546705330022199e+00
-1.400712024889860130e+00 -5.160824053895602948e-01 -1.228659544831309125e+00 2.630139390854073778e-01 2.391985553264226017e+00
-7.918198523631375663e-01 2.550797779334284532e-01 -1.171618102654349292e+00 8.496681705613091662e-01 -2.504776640089349526e-01
-4.420259287949720450e-01 6.078688620206091908e-01 8.977604595960257949e-01 -3.782413678990761974e-01 7.869726825107994372e-01
-1.119657423579354605e+00 -5.402470004270698567e-01 3.119117827311644664e+00 1.402764847074104981e+00 -2.094886122177653576e+00
-3.405789259398523505e+00 4.070059870484893927e-01 -2.111820824352668158e-01 4.575419618464724447e-01 2.655821308190308372e+00
9.317540619373068100e-01 -1.562883683960414105e+00 -4.413310852721867850e-01 1.736809402352478271e-01 6.176330154702776021e-01
-3.817417380950275940e-01 -9.426768697083296455e-01 3.675924687303010474e-01 9.983570555949030645e-01 9.218606516750430524e-01
-5.512554049223067354e-01 -5.669684792260667461e-01 1.603487574963884943e-01 -1.403922519381908041e+00 1.764036816604815705e+00
1.037830183419126001e-01 -3.258400799613892646e-02 5.812929641062352104e-01 8.089868331568956794e-01 -1.699235057225601642e+00
2.187092313269339838e-01 -1.472492428379362117e+00 -2.465591526474992357e+00 3.146652422782605374e-01 2.007756152817440576e+00
