1.383718241882571531e+00 5.028631152146094685e-01 -4.615288409123097235e-01 -7.435834489773720524e-01 -9.017519256829297225e-01
8.478025199069669782e-01 -8.727018326704437667e-01 1.074963334772455648e+00 -1.671477545907160689e+00 4.160090564442371353e-01
-4.726519119026340587e-01 -1.260801627473334907e+00 4.872296187956933755e-01 -2.464420156770342762e-01 1.007691731858199935e+00
-1.545034249929394532e+00 -5.249812773972205304e-04 -8.797978660532540518e-01 1.432796598585555747e+00 -1.137260233018452027e+00
-1.493485673916998158e+00 1.811685878007670558e-01 -6.458487384277232513e-02 -1.626355575099662554e+00 -1.178672378537637538e-01
6.134532264127797729e-01 -1.028861574432675008e+00 -6.547313135804276873e-01 -1.903662337334166565e-01 -9.290384260902156965e-02
4.808470908461877080e-01 1.055164773576378945e+00 4.219054592030568873e-01 -9.380192315404726200e-01 -1.337731394132059215e+00
2.181666762893792910e+00 1.727263199396636417e-01 -6.572636860935791026e-01 1.181109736128563403e+00 -3.670644588592140156e+00
-7.536239721979611783e-01 -3.469431453185764513e-01 1.055704369301965206e+00 1.114706228105590613e+00 -2.362761269944383624e+00
-1.929149164280857587e+00 8.256090017829427474e-02 -1.375450111337047421e+00 1.347041183563952194e+00 -1.271855266656457539e+00
1.054887856162465276e+00 9.402369906673584410e-01 -8.121465793495296071e-01 -7.531933950959708302e-01 -3.451638080607456055e-02
3.101641349893314303e-01 1.425563648047663889e+00 2.077807826557885318e-01 -2.182247576482681861e+00 -6.216847996991650138e-01
1.856749060058745515e+00 -6.204397734075143417e-02 2.886144486767168726e-01 -2.165568398730064459e+00 8.677948450801293845e-01
2.288000731801258070e+00 -2.167965517918232443e+00 -2.926346773874196616e-01 -1.364945706360838784e+00 1.702041105646872277e+00
2.731326358030631951e+00 -3.347859285085871828e-01 -5.871478773366659576e-01 -5.463519191718579221e-02 -3.213178570164973546e+00
-2.033087432156076790e+00 2.958068797277434658e+00 -5.670094923055908342e-01 -7.119656385128800280e-02 -1.501063570958336868e+00
9.340605832012189857e-01 8.861011667693057259e-01 -1.528771864652424206e+00 -1.117176612484789722e+00 7.598039049925972011e-01
8.844381031659522829e-01 6.878274544234619370e-01 -5.806430117491271359e-01 -9.865233271164079998e-01 -2.210710492598606802e-02
-1.439823779512171997e+00 -1.941309943570210583e+00 1.326195082412783277e+00 4.533744646494488606e-01 -1.426142069221213671e+00
-1.056228563999533465e+00 2.404879205027312672e+00 -2.122890817238291206e+00 3.990581542299781459e-02 6.287136754997738608e-01
1.240575834954295464e+00 1.604527027536186035e+00 -1.716976912136033984e-01 -5.024254788695453611e-01 -1.823194491611574097e+00
4.219520277900108418e-01 -1.301919875336041921e+00 -1.096480402367404183e+00 2.900690780852348549e+00 -6.886197669432729818e-01
-2.048885039785453888e+00 -9.170572365767277745e-01 -2.521788987484296363e-01 7.032344280260275360e-01 8.177140929039627970e-01
-6.779140218341573876e-01 4.004106315572686925e-01 1.912850588045623912e+00 -2.136483809635584930e+00 -7.627219888531600045e-01
1.746219122448505190e-01 3.618703711596332750e-01 3.852371155794892532e-02 -4.044511578772839733e-01 1.592432514990712811e+00
-1.514568591547898357e+00 1.537463416458061616e+00 5.296785576335132778e-02 -2.055498979823576211e-01 -1.224219477952117642e-02
8.308413615314236278e-01 -7.443949098337047099e-01 -2.128926742451597853e+00 1.047017868214673797e+00 -6.453459481138869025e-01
-9.677889764313503118e-01 -1.682723682754985850e+00 -2.251279945377898106e-01 1.445354120051478564e+00 1.245077968239529792e-01
-1.003045112909139558e+00 1.187019751610455476e+00 -5.451589717125980838e-01 1.925046202078372737e+00 8.925232208451377991e-02
3.416631983712289378e-01 -7.468893645887172972e-02 -5.751640257646026821e-01 -1.286191879763412205e+00 1.070403765993993561e+00
-1.932317267143561113e+00 -1.340011992931181117e+00 1.554444120833349707e+00 7.208372019321009905e-01 3.368835515152629467e-01
-8.684618151987902879e-01 -1.397489863911864250e+00 1.964151569129980679e+00 -1.363854353460992597e+00 2.802895092017969603e-01
-3.059357929258383901e-01 -8.355892898628376753e-02 1.006455400579451931e+00 1.321715056767748253e+00 -2.343057470801336972e+00
7.975868447719980381e-01 6.595752752597109358e-01 8.698471785970853798e-01 -6.969567628350513688e-01 -7.544352426021101454e-01
1.616173160894273764e+00 -1.736753739143329200e+00 -1.724283548223560780e+00 1.479696910747352323e-01 -1.884619860618569342e-01
