8.917378794701267264e-01 -1.405692459214403112e+00 1.348033067704316856e+00 -2.880995542735398374e-01 -1.075630638930453298e+00
1.286606108742807120e+00 -1.112484954615791777e+00 -2.230205339755838567e-01 1.016092982018261370e+00 -1.582826578160079906e-02
-3.663463444072752595e-01 -2.222598944390823839e+00 7.819344640475337505e-01 -1.145019515674715604e+00 2.078081163683981991e+00
-5.030120088263762002e-01 -1.210964051674759734e+00 9.973117828271929053e-01 3.881911994100619157e-01 -1.366231703049961554e-01
1.459184333349526685e+00 -1.102512152221908570e+00 -1.792145275918570979e+00 -1.660235315579281945e+00 1.852804820561439580e+00
-1.656701009334878849e+00 4.033241483338984024e-02 2.051115909436205698e+00 -2.237999804781935609e+00 -6.140109183297819406e-01
-7.437509509467183921e-01 8.423394536825792311e-01 -8.137179361628228691e-02 -1.443195982002516864e+00 -1.387843588802668560e-01
2.388383349200482009e+00 -1.716348894402021541e+00 -1.806913698915510458e-01 1.315137990489031683e+00 -2.586885204472447519e+00
-4.935796248939957609e-01 1.564573953940040951e+00 2.030316678747045689e+00 -1.333148650723403605e+00 -1.477723882793752663e+00
-8.550953990764710300e-01 -3.418209134914971692e+00 2.557804644516162851e-01 2.087807241663712343e+00 -1.759133849463652144e+00
-1.050625469858075256e+00 7.755042152271910405e-01 -1.235639694278628742e+00 1.661145881723963491e+00 -1.123932189903952050e+00
-3.243470402980714873e-01 -1.755757896463390755e-01 -2.828161306003719178e-01 -5.783619122212905195e-01 5.756035797271882304e-01
-2.920334498510137045e-01 -1.880736814687518521e+00 1.576774119022111842e+00 -3.913683188905651145e-01 5.875559609033543795e-01
-1.949734801363994241e-01 -2.173228324056185823e+00 5.426335755302500452e-01 8.963226655364651130e-01 -2.334493001011236912e-01
5.097187886127239054e-01 -9.423201555318965195e-01 4.737415780051567049e-01 1.547622755257456184e-01 -2.236239755171968158e-01
3.288955929828598079e-01 -2.828572151334575402e+00 2.596655202499580373e-01 1.675570993451609425e+00 -7.915230894044440468e-01
-7.151477935736236802e-01 1.879295511866676760e+00 1.478945814130691927e+00 -6.092120245780030530e-01 -9.908123890129456601e-01
1.091814381616236680e-02 5.267979884036493726e-02 -1.265715031948072111e+00 -9.648558165030680644e-01 2.358924599638690944e-01
1.626501692291993040e+00 -4.664890451358826295e-01 1.136972370824304857e-01 -2.834886513010491105e-01 -1.647380306936480743e+00
2.814719187124104516e-01 1.473248725713270035e+00 -5.899372122690612619e-01 -1.655088283348088884e+00 5.778649199204300979e-01
-1.473852686819153268e+00 1.785299877841413363e-02 -3.805097979218404758e-01 -2.196741249038320909e+00 2.561335925225848076e+00
-1.048907977739481856e+00 -6.999027875219439032e-01 5.925285324924511876e-01 -4.084691153305264333e-01 8.782195629786895275e-01
-1.037494148389690896e+00 -1.042635519469770067e+00 -5.584491546432770459e-01 9.277778031960072225e-01 7.466901119895931194e-01
6.866052164361042820e-01 -1.405926763425725756e+00 3.121890395398657092e-01 1.022534091655539212e+00 -1.651036540847537593e+00
1.441220840105520651e+00 -7.758241855486525118e-01 6.999745764260590919e-01 1.039800420682614579e+00 -1.470047826259373469e+00
2.589481417734105673e+00 -9.487427819036926557e-01 6.551661548098024479e-01 -2.788418448172723663e-01 -1.177661830196044118e-01
3.982521683413751679e-01 1.156630423399749752e+00 -1.533191420349258927e+00 -1.201648075654579539e+00 6.840802842658844085e-01
1.438950112261785153e+00 8.085856931783959312e-02 1.267624555357880212e+00 -1.553470608630047600e+00 -7.504724841733193541e-01
1.136752339169069259e+00 -1.694947607819581314e+00 -1.086956261232092436e+00 2.951670361798966358e+00 -1.456677895696488978e+00
-2.055499209837287067e-01 -1.807982392102810865e+00 -1.296021793436890501e+00 5.349289217384465278e-01 1.290254883302149436e+00
2.260453163401578425e-01 1.929477949146636506e+00 3.016547179734427320e-01 -1.894863226189024807e+00 -8.184084734375381143e-02
1.259635869136614295e+00 8.716069356354690933e-01 3.332344559503576664e-01 -8.465127782536656653e-01 -1.444447932628247555e+00
-8.121328482788656711e-01 -1.234110814532393352e+00 -8.963822923397817277e-01 1.939336766214030838e+00 2.016728610684420664e-01
1.726464035158322474e+00 -2.259158633082683387e+00 -4.298518741340249250e-01 -2.080872305007205547e+00 2.555338923478866597e+00
4.068066599655894011e-01 -1.567585719850706827e+00 9.229541713498211619e-01 -1.088049146553241586e+00 -5.868749431844599851e-01
